1 0 -1249.69 390.794 0.525762
1 0 -1234.06 377.145 3.46688
1 0 -1218.44 376.901 1.42878
1 0 -1202.81 375.22 0.908039
1 0 -1187.19 368.026 0.95312
1 0 -1171.56 355.754 1.76543
1 0 -1155.94 351.016 2.49326
1 0 -1140.31 343.825 2.23369
1 0 -1124.69 333.009 2.9403
1 0 -1109.06 324.264 4.21368
1 0 -1093.44 324.723 0.872111
1 0 -1077.81 309.875 2.87544
1 0 -1062.19 302.538 2.4751
1 0 -1046.56 296.38 1.84181
1 0 -1030.94 291.306 1.02318
1 0 -1015.31 277.391 1.12851
1 0 -999.688 270.239 1.23184
1 0 -984.062 259.652 0.840138
1 0 -968.438 249.567 0.807875
1 0 -952.812 238.813 0.734796
1 0 -937.188 230.658 1.13228
1 0 -921.562 219.341 1.36998
1 0 -905.938 212.431 1.91014
1 0 -890.312 202.578 1.40541
1 0 -874.688 186.357 1.25333
1 0 -859.062 174.4 2.1777
1 0 -843.438 156.293 2.88454
1 0 -827.812 155.896 1.38419
1 0 -812.188 138.611 2.76271
1 0 -796.562 123.968 1.91969
1 0 -780.938 108.792 1.83416
1 0 -765.312 100.349 1.4697
1 0 -749.688 88.5712 0.945436
1 0 -734.062 76.4227 0.718316
1 0 -718.438 66.6136 0.764625
1 0 -702.812 55.847 0.800065
1 0 -687.188 41.0932 0.941369
1 0 -671.562 31.2067 0.559867
1 0 -655.938 22.7078 1.44326
1 0 -640.312 13.9709 1.39038
1 0 -624.688 13.3932 0.59265
1 0 -609.062 22.7614 2.59323
1 0 -593.438 16.76 0.588894
1 0 -577.812 11.2279 0.645922
1 0 -562.188 11.6988 0.75411
1 0 -546.562 18.1982 2.60323
1 0 -530.938 18.9942 0.671709
1 0 -515.312 28.9725 2.60089
1 0 -499.688 35.3424 1.49376
1 0 -484.062 36.7544 1.0578
1 0 -468.438 39.2531 1.55702
1 0 -452.812 48.1035 4.36593
1 0 -437.188 43.0923 1.75852
1 0 -421.562 48.9434 5.31556
1 0 -405.938 51.6868 2.96968
1 1 -1249.69 391.874 0.536268
1 1 -1234.06 382.077 3.10852
1 1 -1218.44 375.911 1.9891
1 1 -1202.81 370.55 1.73972
1 1 -1187.19 359.38 2.36634
1 1 -1171.56 340.039 4.81006
1 1 -1155.94 330.313 3.8788
1 1 -1140.31 306.218 4.02671
1 1 -1124.69 312.866 5.76054
1 1 -1109.06 297.991 9.1285
1 1 -1093.44 312.795 1.28291
1 1 -1077.81 306.628 2.25079
1 1 -1062.19 298.626 2.29313
1 1 -1046.56 287.867 2.4814
1 1 -1030.94 281.666 1.44267
1 1 -1015.31 267.78 2.18122
1 1 -999.688 266.311 1.00751
1 1 -984.062 257.72 1.13777
1 1 -968.438 247.376 1.60315
1 1 -952.812 240.468 1.06083
1 1 -937.188 221.032 2.55206
1 1 -921.562 200.822 3.03201
1 1 -905.938 208.807 1.68944
1 1 -890.312 202.655 1.34507
1 1 -874.688 186.648 1.25952
1 1 -859.062 168.161 1.99989
1 1 -843.438 164.78 1.41893
1 1 -827.812 152.352 0.872386
1 1 -812.188 142.077 1.0077
1 1 -796.562 130.067 0.947758
1 1 -780.938 117.399 1.35301
1 1 -765.312 100.737 1.66863
1 1 -749.688 86.7456 1.47669
1 1 -734.062 73.5688 0.763576
1 1 -718.438 58.6 0.929978
1 1 -702.812 54.2127 2.41894
1 1 -687.188 37.0872 0.909849
1 1 -671.562 28.6089 0.515577
1 1 -655.938 21.378 0.651991
1 1 -640.312 14.8659 1.52458
1 1 -624.688 17.9128 0.769778
1 1 -609.062 22.8044 1.4475
1 1 -593.438 21.8247 2.74939
1 1 -577.812 22.3682 2.97028
1 1 -562.188 15.4857 0.690229
1 1 -546.562 20.2936 0.816351
1 1 -530.938 23.9611 0.716793
1 1 -515.312 27.3522 0.914234
1 1 -499.688 41.9792 1.64097
1 1 -484.062 41.0306 1.45841
1 1 -468.438 43.2703 1.95249
1 1 -452.812 45.5058 1.4969
1 1 -437.188 46.3253 1.48263
1 1 -421.562 61.1758 6.46999
1 1 -405.938 58.6065 5.56051
1 2 -1249.69 343.443 0.706092
1 2 -1234.06 338.086 2.84199
1 2 -1218.44 333.879 0.6147
1 2 -1202.81 330.496 1.03856
1 2 -1187.19 322.948 1.13879
1 2 -1171.56 316.381 0.370826
1 2 -1155.94 308.537 1.59564
1 2 -1140.31 301.72 1.34986
1 2 -1124.69 294.382 2.22009
1 2 -1109.06 292.388 1.50907
1 2 -1093.44 286.218 0.253908
1 2 -1077.81 273.425 1.49608
1 2 -1062.19 264.76 1.57745
1 2 -1046.56 257.56 1.29485
1 2 -1030.94 253.45 0.684371
1 2 -1015.31 242.063 0.966808
1 2 -999.688 234.218 0.971871
1 2 -984.062 222.096 0.598589
1 2 -968.438 209.377 0.709314
1 2 -952.812 201.333 0.505546
1 2 -937.188 195.972 0.68945
1 2 -921.562 184.426 0.683678
1 2 -905.938 176.439 0.493719
1 2 -890.312 170.53 0.33441
1 2 -874.688 160.122 0.404337
1 2 -859.062 146.184 0.470629
1 2 -843.438 138.251 0.594367
1 2 -827.812 126.299 0.509844
1 2 -812.188 116.952 0.753316
1 2 -796.562 101.237 0.681533
1 2 -780.938 87.8769 0.770702
1 2 -765.312 73.4583 0.91863
1 2 -749.688 68.613 1.47403
1 2 -734.062 56.4935 2.1071
1 2 -718.438 46.451 0.890492
1 2 -702.812 42.0461 0.982507
1 2 -687.188 34.1526 0.836936
1 2 -671.562 25.1174 0.666138
1 2 -655.938 22.0466 0.852116
1 2 -640.312 25.4104 1.28739
1 2 -624.688 42.6748 2.62383
1 2 -609.062 33.3444 3.89934
1 2 -593.438 24.4616 3.98617
1 2 -577.812 24.8888 0.800303
1 2 -562.188 24.2 0.959121
1 2 -546.562 22.7703 0.819231
1 2 -530.938 32.774 1.08162
1 2 -515.312 44.1502 1.04979
1 2 -499.688 44.9572 1.4333
1 2 -484.062 42.5241 1.5731
1 2 -468.438 44.6079 1.92805
1 2 -452.812 55.9577 2.63062
1 2 -437.188 61.5504 2.34959
1 2 -421.562 68.5217 2.45106
1 2 -405.938 59.1864 5.16613
1 3 -1249.69 377.025 0.600304
1 3 -1234.06 357.388 4.24487
1 3 -1218.44 359.217 0.638927
1 3 -1202.81 350.036 1.31576
1 3 -1187.19 340.255 1.57169
1 3 -1171.56 328.444 2.64422
1 3 -1155.94 318.429 3.63134
1 3 -1140.31 284.604 6.1781
1 3 -1124.69 308.101 4.07833
1 3 -1109.06 309.967 3.52712
1 3 -1093.44 299.578 0.75317
1 3 -1077.81 291.132 1.37863
1 3 -1062.19 282.136 1.56393
1 3 -1046.56 275.106 1.29848
1 3 -1030.94 269.644 0.815366
1 3 -1015.31 260.135 0.949633
1 3 -999.688 250.976 0.510281
1 3 -984.062 241.267 0.834537
1 3 -968.438 231.824 1.18709
1 3 -952.812 224.116 0.793459
1 3 -937.188 217.31 0.972091
1 3 -921.562 204.919 1.35546
1 3 -905.938 197.175 0.597716
1 3 -890.312 190.77 0.498826
1 3 -874.688 176.766 0.879887
1 3 -859.062 157.912 1.77115
1 3 -843.438 151.296 1.29732
1 3 -827.812 143.583 0.747474
1 3 -812.188 129.1 1.53621
1 3 -796.562 112.381 1.7901
1 3 -780.938 103.284 1.77194
1 3 -765.312 91.5063 1.23704
1 3 -749.688 82.6734 1.18415
1 3 -734.062 66.588 1.29502
1 3 -718.438 56.0289 1.2505
1 3 -702.812 48.6005 2.40195
1 3 -687.188 38.0816 0.663438
1 3 -671.562 28.315 0.492938
1 3 -655.938 19.7204 0.65438
1 3 -640.312 16.2155 0.790879
1 3 -624.688 22.6664 1.17684
1 3 -609.062 21.7207 1.31812
1 3 -593.438 14.8597 0.595557
1 3 -577.812 14.4431 0.547716
1 3 -562.188 22.3188 0.973546
1 3 -546.562 23.2605 1.53819
1 3 -530.938 24.3701 0.717377
1 3 -515.312 31.835 0.997372
1 3 -499.688 43.5005 1.74881
1 3 -484.062 38.248 1.53892
1 3 -468.438 35.068 1.55144
1 3 -452.812 40.715 1.5652
1 3 -437.188 42.0507 1.72313
1 3 -421.562 59.7565 2.62043
1 3 -405.938 80.4207 3.81123
1 4 -1249.69 515.007 5.72606
1 4 -1234.06 488.225 6.99674
1 4 -1218.44 500.047 4.24102
1 4 -1202.81 498.418 1.43608
1 4 -1187.19 487.67 2.21768
1 4 -1171.56 472.898 4.09477
1 4 -1155.94 463.656 3.60247
1 4 -1140.31 460.003 1.37069
1 4 -1124.69 439.777 6.44803
1 4 -1109.06 422.479 9.58153
1 4 -1093.44 433.843 1.50923
1 4 -1077.81 413.833 3.32177
1 4 -1062.19 413.007 1.78301
1 4 -1046.56 405.021 2.71719
1 4 -1030.94 392.983 1.56908
1 4 -1015.31 384.159 1.30605
1 4 -999.688 374.49 1.28968
1 4 -984.062 363.223 1.17594
1 4 -968.438 354.043 1.52177
1 4 -952.812 342.383 1.30765
1 4 -937.188 331.995 2.19784
1 4 -921.562 318.677 1.88195
1 4 -905.938 306.409 2.819
1 4 -890.312 293.423 2.36301
1 4 -874.688 283.105 1.20266
1 4 -859.062 268.252 1.7336
1 4 -843.438 256.053 1.62445
1 4 -827.812 238.904 2.01709
1 4 -812.188 229.089 2.64947
1 4 -796.562 212.83 2.52901
1 4 -780.938 193.699 2.82863
1 4 -765.312 168.008 3.43296
1 4 -749.688 160.742 2.38324
1 4 -734.062 143.799 1.28057
1 4 -718.438 126.272 2.81592
1 4 -702.812 88.4245 2.54852
1 4 -687.188 101.962 3.11293
1 4 -671.562 85.3382 1.27501
1 4 -655.938 65.2236 2.15969
1 4 -640.312 44.2721 3.7127
1 4 -624.688 53.4481 3.79033
1 4 -609.062 38.2908 0.999283
1 4 -593.438 33.0557 1.77702
1 4 -577.812 21.719 1.02473
1 4 -562.188 22.8674 1.81339
1 4 -546.562 21.3564 2.23084
1 4 -530.938 21.9351 0.69295
1 4 -515.312 23.4209 2.57206
1 4 -499.688 26.5241 0.777522
1 4 -484.062 25.8527 1.07777
1 4 -468.438 27.8961 2.89509
1 4 -452.812 35.5611 4.22484
1 4 -437.188 40.3652 1.60735
1 4 -421.562 46.8737 1.6907
1 4 -405.938 41.5493 2.09091
1 5 -1249.69 505.893 6.60109
1 5 -1234.06 481.993 6.72174
1 5 -1218.44 480.744 6.22097
1 5 -1202.81 476.851 5.07333
1 5 -1187.19 476.697 1.62052
1 5 -1171.56 451.518 6.46225
1 5 -1155.94 453.762 3.05603
1 5 -1140.31 437.051 3.72983
1 5 -1124.69 446.42 0.859643
1 5 -1109.06 427.723 5.89014
1 5 -1093.44 427.39 1.33041
1 5 -1077.81 417.07 1.79582
1 5 -1062.19 402.218 2.48737
1 5 -1046.56 388.207 2.6162
1 5 -1030.94 382.651 1.25169
1 5 -1015.31 365.505 2.75039
1 5 -999.688 351.718 3.38257
1 5 -984.062 346.171 2.42203
1 5 -968.438 337.657 1.75581
1 5 -952.812 324.68 2.08411
1 5 -937.188 314.557 2.25767
1 5 -921.562 301.503 2.38236
1 5 -905.938 292.51 2.32232
1 5 -890.312 272.674 3.35235
1 5 -874.688 271.36 1.6099
1 5 -859.062 253.554 2.34114
1 5 -843.438 243.308 1.9158
1 5 -827.812 218.522 2.60734
1 5 -812.188 203.439 3.6311
1 5 -796.562 189.579 3.09277
1 5 -780.938 143.279 4.83239
1 5 -765.312 146.022 3.91288
1 5 -749.688 143.723 2.22139
1 5 -734.062 124.215 2.17154
1 5 -718.438 119.646 1.70772
1 5 -702.812 112.229 1.07459
1 5 -687.188 96.4353 0.951566
1 5 -671.562 80.7909 0.854269
1 5 -655.938 57.8818 1.96454
1 5 -640.312 37.3738 1.88601
1 5 -624.688 38.1192 1.17024
1 5 -609.062 35.6724 1.56165
1 5 -593.438 34.045 1.58374
1 5 -577.812 25.7684 1.20717
1 5 -562.188 21.5432 0.56598
1 5 -546.562 24.0327 0.47237
1 5 -530.938 24.4187 0.758363
1 5 -515.312 27.651 0.75762
1 5 -499.688 29.8302 0.939371
1 5 -484.062 28.6765 1.13633
1 5 -468.438 30.4218 1.32183
1 5 -452.812 39.2182 1.69549
1 5 -437.188 40.2638 1.33351
1 5 -421.562 42.4 1.92791
1 5 -405.938 53.3471 3.56946
1 6 -1249.69 468.865 0.443165
1 6 -1234.06 441.497 5.13054
1 6 -1218.44 447.814 2.26072
1 6 -1202.81 444.231 1.82933
1 6 -1187.19 434.739 1.74852
1 6 -1171.56 429.738 0.365581
1 6 -1155.94 421.297 1.06429
1 6 -1140.31 414.325 0.628115
1 6 -1124.69 408.059 0.356208
1 6 -1109.06 397.355 1.90408
1 6 -1093.44 393.973 0.154347
1 6 -1077.81 377.964 0.622114
1 6 -1062.19 371.527 1.08204
1 6 -1046.56 361.376 1.02743
1 6 -1030.94 352.966 0.7962
1 6 -1015.31 342.697 0.715458
1 6 -999.688 335.182 0.371746
1 6 -984.062 324.532 0.188266
1 6 -968.438 314.675 0.196838
1 6 -952.812 304.351 0.181363
1 6 -937.188 293.586 0.459828
1 6 -921.562 285.201 0.180641
1 6 -905.938 273.95 1.49834
1 6 -890.312 257.732 2.14968
1 6 -874.688 250.642 0.413103
1 6 -859.062 232.258 1.28329
1 6 -843.438 220.936 1.703
1 6 -827.812 210.793 1.42931
1 6 -812.188 198.397 1.89834
1 6 -796.562 179.58 1.05327
1 6 -780.938 158.047 1.79594
1 6 -765.312 135.751 2.43542
1 6 -749.688 130.302 1.26844
1 6 -734.062 109.897 1.83472
1 6 -718.438 98.959 1.73109
1 6 -702.812 76.3862 1.90515
1 6 -687.188 79.338 2.16647
1 6 -671.562 63.9605 1.006
1 6 -655.938 48.5415 1.35097
1 6 -640.312 33.2293 1.2785
1 6 -624.688 33.9078 1.57875
1 6 -609.062 24.0037 2.7954
1 6 -593.438 21.36 1.97324
1 6 -577.812 34.6611 2.20939
1 6 -562.188 17.4662 0.729355
1 6 -546.562 20.7076 1.3759
1 6 -530.938 26.8357 0.61836
1 6 -515.312 25.4533 0.609205
1 6 -499.688 25.4511 0.755304
1 6 -484.062 30.7665 1.05459
1 6 -468.438 33.396 1.59933
1 6 -452.812 34.4855 1.62309
1 6 -437.188 43.0455 1.50358
1 6 -421.562 47.1071 3.9491
1 6 -405.938 48.1111 2.91579
1 7 -1249.69 481.135 0.543782
1 7 -1234.06 464.753 3.55723
1 7 -1218.44 464.613 1.67621
1 7 -1202.81 461.136 1.15812
1 7 -1187.19 454.539 0.368327
1 7 -1171.56 445.928 0.366748
1 7 -1155.94 438.661 1.30368
1 7 -1140.31 432.629 0.713051
1 7 -1124.69 423.547 0.454825
1 7 -1109.06 414.816 0.475835
1 7 -1093.44 408.963 0.342688
1 7 -1077.81 392.774 1.07826
1 7 -1062.19 384.407 1.32572
1 7 -1046.56 375.784 1.00951
1 7 -1030.94 367.714 0.822198
1 7 -1015.31 356.837 0.736928
1 7 -999.688 348.168 0.672284
1 7 -984.062 338.309 0.206704
1 7 -968.438 327.742 0.54744
1 7 -952.812 316.137 0.222241
1 7 -937.188 306.052 0.240207
1 7 -921.562 296.374 0.598019
1 7 -905.938 281.981 0.828228
1 7 -890.312 272.551 0.703561
1 7 -874.688 259.264 0.620953
1 7 -859.062 244.522 0.573071
1 7 -843.438 232.33 1.1798
1 7 -827.812 221.101 0.771477
1 7 -812.188 204.503 1.87743
1 7 -796.562 188.744 1.24712
1 7 -780.938 176.078 1.17032
1 7 -765.312 157.206 1.38697
1 7 -749.688 145.636 1.09377
1 7 -734.062 127.035 2.30199
1 7 -718.438 104.593 2.15722
1 7 -702.812 82.4261 2.14006
1 7 -687.188 88.0907 1.48656
1 7 -671.562 78.4068 0.797948
1 7 -655.938 50.2875 1.59965
1 7 -640.312 33.0551 1.59305
1 7 -624.688 35.4243 0.932169
1 7 -609.062 33.1115 3.02994
1 7 -593.438 28.4901 2.68914
1 7 -577.812 38.4061 2.27514
1 7 -562.188 44.6896 2.73243
1 7 -546.562 19.9887 0.945336
1 7 -530.938 22.1829 1.15422
1 7 -515.312 20.8086 0.673933
1 7 -499.688 25.046 0.80352
1 7 -484.062 24.7638 1.20206
1 7 -468.438 24.3716 1.69811
1 7 -452.812 41.3697 1.85499
1 7 -437.188 32.1365 1.4367
1 7 -421.562 34.7582 1.62004
1 7 -405.938 45.5956 4.76486
1 8 -1249.69 326.417 15.9087
1 8 -1234.06 358.14 5.57671
1 8 -1218.44 359.904 2.31193
1 8 -1202.81 349.511 2.90876
1 8 -1187.19 345.544 2.12537
1 8 -1171.56 341.339 1.41179
1 8 -1155.94 336.54 0.915032
1 8 -1140.31 330 0.752117
1 8 -1124.69 323.94 0.415246
1 8 -1109.06 316.915 1.36137
1 8 -1093.44 308.853 0.426366
1 8 -1077.81 297.695 1.07134
1 8 -1062.19 291.205 0.5226
1 8 -1046.56 281.478 0.920076
1 8 -1030.94 271.182 0.935318
1 8 -1015.31 251.242 2.13962
1 8 -999.688 235.11 2.53903
1 8 -984.062 226.464 2.3837
1 8 -968.438 229.077 1.41506
1 8 -952.812 222.478 0.840185
1 8 -937.188 208.504 1.53031
1 8 -921.562 197.142 1.50398
1 8 -905.938 188.826 2.79055
1 8 -890.312 185.515 1.72096
1 8 -874.688 173.99 1.01315
1 8 -859.062 165.699 0.726841
1 8 -843.438 153.447 1.69819
1 8 -827.812 128.51 1.65363
1 8 -812.188 128.471 0.983693
1 8 -796.562 118.331 0.573282
1 8 -780.938 109.752 0.369106
1 8 -765.312 98.9672 1.62098
1 8 -749.688 85.2725 0.531929
1 8 -734.062 77.898 1.74829
1 8 -718.438 61.467 0.855888
1 8 -702.812 52.0023 0.84211
1 8 -687.188 39.8043 1.72126
1 8 -671.562 23.4395 0.692183
1 8 -655.938 8.90586 0.803951
1 8 -640.312 11.0119 2.45811
1 8 -624.688 18.0585 3.08981
1 8 -609.062 27.7376 5.39206
1 8 -593.438 5.82637 1.3754
1 8 -577.812 5.12384 0.732442
1 8 -562.188 4.50215 0.562622
1 8 -546.562 10.1238 0.88118
1 8 -530.938 16.9618 1.68999
1 8 -515.312 16.905 1.74385
1 8 -499.688 26.5143 2.75844
1 8 -484.062 28.1235 2.96453
1 8 -468.438 28.713 5.06407
1 8 -452.812 36.6655 5.26021
1 8 -437.188 42.8849 3.95774
1 8 -421.562 32.419 6.5876
1 8 -405.938 46.1167 16.5391
1 9 -1249.69 191.882 43.1106
1 9 -1234.06 94.8133 20.7761
1 9 -1218.44 60.1106 13.5133
1 9 -1202.81 48.2154 10.5821
1 9 -1187.19 104.364 15.2835
1 9 -1171.56 235.921 28.0255
1 9 -1155.94 79.4074 12.7066
1 9 -1140.31 8.25608 2.30158
1 9 -1124.69 19.5733 5.11958
1 9 -1109.06 74.8238 12.8938
1 9 -1093.44 136.31 7.91715
1 9 -1077.81 245.323 9.29134
1 9 -1062.19 239.673 6.56876
1 9 -1046.56 243.8 5.52962
1 9 -1030.94 227.596 5.0839
1 9 -1015.31 195.636 7.01305
1 9 -999.688 175.193 6.87279
1 9 -984.062 193.802 7.39159
1 9 -968.438 167.222 8.38573
1 9 -952.812 203.297 4.01173
1 9 -937.188 197.144 4.21389
1 9 -921.562 181.786 6.04692
1 9 -905.938 200.874 8.41907
1 9 -890.312 200.821 6.22263
1 9 -874.688 163.53 2.38478
1 9 -859.062 161.653 2.34285
1 9 -843.438 148.421 7.42971
1 9 -827.812 104.834 3.43054
1 9 -812.188 124.072 1.66824
1 9 -796.562 113.605 1.01924
1 9 -780.938 105.335 1.00967
1 9 -765.312 98.4823 2.72603
1 9 -749.688 81.7767 0.829672
1 9 -734.062 68.3435 1.10666
1 9 -718.438 55.4923 1.23276
1 9 -702.812 43.8563 1.51712
1 9 -687.188 39.5064 3.47988
1 9 -671.562 13.8493 0.637587
1 9 -655.938 6.3413 0.490317
1 9 -640.312 23.6077 5.18438
1 9 -624.688 43.3544 4.99248
1 9 -609.062 69.2636 6.69696
1 9 -593.438 57.0857 4.42423
1 9 -577.812 39.2217 3.30726
1 9 -562.188 27.6909 3.67899
1 9 -546.562 20.9937 3.58164
1 9 -530.938 31.0813 5.21522
1 9 -515.312 8.44789 3.0988
1 9 -499.688 6.67037 2.94616
1 9 -484.062 18.8292 5.08947
1 9 -468.438 7.12857 3.62628
1 9 -452.812 12.5955 4.33021
1 9 -437.188 29.3721 5.32579
1 9 -421.562 36.0432 7.86112
1 10 -1249.69 324.628 0.367344
1 10 -1234.06 320.954 2.20712
1 10 -1218.44 315.573 0.548326
1 10 -1202.81 314.051 0.525156
1 10 -1187.19 307.676 1.35371
1 10 -1171.56 299.469 0.200485
1 10 -1155.94 295.639 1.02965
1 10 -1140.31 287.958 0.254561
1 10 -1124.69 281.081 0.305585
1 10 -1109.06 275.892 2.52708
1 10 -1093.44 268.738 0.123044
1 10 -1077.81 257.491 1.53739
1 10 -1062.19 250.402 0.98249
1 10 -1046.56 242.349 1.06479
1 10 -1030.94 233.685 0.421862
1 10 -1015.31 223.662 0.732312
1 10 -999.688 215.97 0.770119
1 10 -984.062 206.533 0.738427
1 10 -968.438 199.574 0.599157
1 10 -952.812 189.56 0.594693
1 10 -937.188 178.247 0.975466
1 10 -921.562 172.664 0.535933
1 10 -905.938 166.202 1.40071
1 10 -890.312 156.255 0.971816
1 10 -874.688 147.514 0.581358
1 10 -859.062 135.089 0.544853
1 10 -843.438 121.578 1.35196
1 10 -827.812 109.51 0.673136
1 10 -812.188 101.684 0.348972
1 10 -796.562 92.4478 0.358854
1 10 -780.938 81.6583 0.436387
1 10 -765.312 72.6499 1.12737
1 10 -749.688 62.8376 0.486777
1 10 -734.062 51.9784 1.11686
1 10 -718.438 40.2213 0.560135
1 10 -702.812 30.2373 0.866446
1 10 -687.188 20.6337 1.03459
1 10 -671.562 14.0374 0.539922
1 10 -655.938 11.9316 0.929969
1 10 -640.312 18.2851 1.3319
1 10 -624.688 17.304 0.879667
1 10 -609.062 14.7503 3.30918
1 10 -593.438 17.7924 3.11581
1 10 -577.812 18.2188 1.00315
1 10 -562.188 15.7968 0.958703
1 10 -546.562 24.0888 1.26495
1 10 -530.938 26.4943 1.47321
1 10 -515.312 30.6727 1.24828
1 10 -499.688 43.8625 1.90282
1 10 -484.062 42.6828 1.84508
1 10 -468.438 43.802 5.49543
1 10 -452.812 43.2341 2.68165
1 10 -437.188 38.6556 2.12163
1 10 -421.562 44.9207 3.53621
1 10 -405.938 59.3095 6.72095
1 11 -1249.69 330.268 13.8099
1 11 -1234.06 302.412 12.9189
1 11 -1218.44 229.543 15.5793
1 11 -1202.81 97.1761 13.3249
1 11 -1187.19 81.1009 12.6877
1 11 -1171.56 121.265 20.5034
1 11 -1155.94 98.3581 15.3508
1 11 -1140.31 147.64 10.8485
1 11 -1124.69 245.251 14.4064
1 11 -1109.06 232.676 12.7247
1 11 -1093.44 211.639 7.22088
1 11 -1077.81 254.162 6.11294
1 11 -1062.19 256.294 3.24464
1 11 -1046.56 226.516 5.11086
1 11 -1030.94 224.367 4.08583
1 11 -1015.31 199.191 4.96973
1 11 -999.688 185.994 4.79897
1 11 -984.062 158.365 5.46159
1 11 -968.438 164.928 5.18031
1 11 -952.812 182.021 3.5224
1 11 -937.188 183.371 3.22935
1 11 -921.562 185.978 1.67297
1 11 -905.938 174.097 2.90061
1 11 -890.312 167.107 2.20512
1 11 -874.688 154.114 1.80488
1 11 -859.062 148.366 1.0908
1 11 -843.438 140.609 3.02377
1 11 -827.812 122.325 1.77349
1 11 -812.188 112.26 1.2869
1 11 -796.562 103.77 0.878585
1 11 -780.938 96.3142 0.728039
1 11 -765.312 89.1335 2.27462
1 11 -749.688 74.34 0.739703
1 11 -734.062 61.2433 0.625358
1 11 -718.438 46.8478 0.821453
1 11 -702.812 39.8707 2.18452
1 11 -687.188 21.3326 6.33541
1 11 -671.562 2.67035 0.2934
1 11 -655.938 4.197 0.558718
1 11 -640.312 24.328 5.24809
1 11 -624.688 30.2083 6.88184
1 11 -609.062 27.8156 13.1082
1 11 -593.438 8.52239 6.89291
1 11 -577.812 6.5 4.12946
1 11 -562.188 4.79524 3.32025
1 11 -546.562 12.226 3.25377
1 11 -530.938 10.4714 3.45862
1 11 -515.312 5.00377 2.544
1 11 -499.688 5.965 4.34869
1 11 -484.062 17.7091 5.72748
1 11 -468.438 27.825 14.9889
1 11 -452.812 20.3379 8.41525
1 11 -437.188 11.1943 3.99341
1 11 -421.562 5.01667 4.91104
1 12 -1234.06 10.9333 9.93254
1 12 -1218.44 48.3444 32.4255
1 12 -1202.81 19.144 18.7572
1 12 -1187.19 47.4889 20.1933
1 12 -1171.56 13.0757 12.3928
1 12 -1155.94 35.092 14.5444
1 12 -1140.31 61.6941 11.1103
1 12 -1124.69 143.594 29.4892
1 12 -1109.06 142.302 23.4999
1 12 -1093.44 29.258 9.10122
1 12 -1077.81 32.06 16.8264
1 12 -1062.19 68.4226 15.9495
1 12 -1046.56 32.4612 9.10555
1 12 -1030.94 33.6222 7.8886
1 12 -1015.31 23.9167 8.76411
1 12 -999.688 39.7086 10.5851
1 12 -984.062 31.8169 9.29423
1 12 -968.438 38.9137 9.07696
1 12 -952.812 42.9294 9.16498
1 12 -937.188 41.0655 11.6603
1 12 -921.562 76.265 11.2763
1 12 -905.938 56.1973 10.6225
1 12 -890.312 8.87273 6.0066
1 12 -874.688 33.6526 7.077
1 12 -859.062 109.03 7.73544
1 12 -843.438 91.9582 9.73362
1 12 -827.812 77.8141 9.8236
1 12 -812.188 37.0524 7.90164
1 12 -796.562 107.829 7.10686
1 12 -780.938 143.2 5.05153
1 12 -765.312 148.012 4.64487
1 12 -749.688 141.159 3.88686
1 12 -734.062 124.865 7.63102
1 12 -718.438 109.425 2.45154
1 12 -702.812 98.2158 2.26816
1 12 -687.188 83.5284 2.01323
1 12 -671.562 67.5021 1.81299
1 12 -655.938 49.031 3.52587
1 12 -640.312 40.5448 3.23662
1 12 -624.688 39.4887 2.59292
1 12 -609.062 31.7892 2.59677
1 12 -593.438 17.0052 2.6099
1 12 -577.812 0.138235 0.137726
1 12 -562.188 0.29375 0.291446
1 12 -546.562 0.708861 0.401436
1 12 -530.938 0.522222 0.514918
1 12 -515.312 0.767347 0.531407
1 12 -499.688 1.12727 1.10135
1 12 -484.062 0.696296 0.68328
1 12 -468.438 1.10588 1.07286
1 12 -437.188 1.88 1.26114
1 13 -1249.69 489.82 0.33815
1 13 -1234.06 477.014 1.38208
1 13 -1218.44 471.774 0.578293
1 13 -1202.81 468.194 0.287201
1 13 -1187.19 458.526 1.1258
1 13 -1171.56 449.067 0.238538
1 13 -1155.94 439.358 1.51451
1 13 -1140.31 420.172 3.49679
1 13 -1124.69 421.901 2.5423
1 13 -1109.06 396.788 7.34914
1 13 -1093.44 419.249 0.432752
1 13 -1077.81 399.311 0.659069
1 13 -1062.19 388.602 0.476777
1 13 -1046.56 378.13 1.10832
1 13 -1030.94 357.715 2.76593
1 13 -1015.31 351.335 1.47979
1 13 -999.688 344.054 0.528597
1 13 -984.062 324.969 1.6049
1 13 -968.438 312.686 1.92582
1 13 -952.812 310.187 0.235665
1 13 -937.188 294.69 1.67102
1 13 -921.562 284.174 1.54855
1 13 -905.938 238.834 4.77277
1 13 -890.312 223.808 5.07622
1 13 -874.688 220.047 3.75067
1 13 -859.062 223.786 2.97658
1 13 -843.438 225.922 2.16555
1 13 -827.812 213.901 1.29525
1 13 -812.188 170.563 3.58061
1 13 -796.562 185.548 0.834676
1 13 -780.938 176.198 0.336399
1 13 -765.312 164.539 1.38758
1 13 -749.688 149.279 1.36052
1 13 -734.062 135.758 1.86642
1 13 -718.438 118.131 0.547943
1 13 -702.812 108.091 0.86267
1 13 -687.188 90.7269 0.829315
1 13 -671.562 77.842 0.303858
1 13 -655.938 63.4857 1.09472
1 13 -640.312 49.5633 2.20415
1 13 -624.688 38.1196 1.40605
1 13 -609.062 21.0358 1.8563
1 13 -593.438 14.4367 2.31998
1 13 -577.812 14.0887 0.904652
1 13 -562.188 20.6864 0.683084
1 13 -546.562 14.7608 0.87449
1 13 -530.938 14.8195 1.14639
1 13 -515.312 14.6034 1.15482
1 13 -499.688 31.1161 1.22584
1 13 -484.062 23.1413 1.15161
1 13 -468.438 25.4029 1.27458
1 13 -452.812 39.433 1.52627
1 13 -437.188 34.1185 1.6767
1 13 -421.562 37.7922 2.5132
1 13 -405.938 41.8093 7.49928
1 14 -1249.69 442.433 0.231244
1 14 -1234.06 436.35 1.13743
1 14 -1218.44 430.394 0.366849
1 14 -1202.81 424.532 0.167764
1 14 -1187.19 415.844 1.12633
1 14 -1171.56 406.822 1.97152
1 14 -1155.94 400.763 0.218099
1 14 -1140.31 392.483 0.217633
1 14 -1124.69 386.854 0.286962
1 14 -1109.06 379.896 1.59624
1 14 -1093.44 371.339 0.688333
1 14 -1077.81 356.11 1.67569
1 14 -1062.19 349.517 1.11008
1 14 -1046.56 338.724 1.04933
1 14 -1030.94 326.013 1.63133
1 14 -1015.31 318.278 1.39665
1 14 -999.688 312.19 0.959582
1 14 -984.062 301.039 0.848194
1 14 -968.438 285.992 1.76761
1 14 -952.812 278.603 1.24956
1 14 -937.188 269.46 1.23568
1 14 -921.562 261.285 0.841376
1 14 -905.938 248.076 1.50408
1 14 -890.312 235.075 1.89126
1 14 -874.688 218.401 1.92783
1 14 -859.062 214.511 0.772708
1 14 -843.438 204.928 1.35332
1 14 -827.812 192.683 0.772347
1 14 -812.188 173.011 1.92012
1 14 -796.562 159.258 1.23041
1 14 -780.938 155.14 0.477772
1 14 -765.312 142.008 0.960465
1 14 -749.688 127.76 0.630199
1 14 -734.062 116.019 0.904501
1 14 -718.438 100.011 0.337561
1 14 -702.812 89.2467 0.477215
1 14 -687.188 75.4107 0.839846
1 14 -671.562 62.9847 0.256609
1 14 -655.938 47.356 0.388077
1 14 -640.312 33.9084 0.607285
1 14 -624.688 17.4892 1.7468
1 14 -609.062 7.57544 1.1053
1 14 -593.438 21.3326 4.3817
1 14 -577.812 22.7835 1.67284
1 14 -562.188 11.4874 0.75617
1 14 -546.562 14.3108 1.43849
1 14 -530.938 16.6105 1.25621
1 14 -515.312 22.9902 0.859948
1 14 -499.688 50.1895 1.37639
1 14 -484.062 43.2851 1.93831
1 14 -468.438 37.4361 1.54388
1 14 -452.812 41.7547 2.04465
1 14 -437.188 38.7766 2.52089
1 14 -421.562 41.7019 2.94685
1 14 -405.938 56.0963 6.67536
1 15 -1234.06 46.925 43.8943
1 15 -1187.19 26.9818 26.3615
1 15 -1109.06 56.95 53.2718
1 15 -1093.44 4.03889 3.9824
1 15 -937.188 5.18182 5.06268
1 15 -859.062 12.824 8.69771
1 15 -812.188 20.7692 13.5092
1 15 -780.938 8.94783 8.75115
2 0 -1249.69 441.687 0.250751
2 0 -1234.06 429.211 0.998245
2 0 -1218.44 406.744 4.99598
2 0 -1202.81 409.019 1.98964
2 0 -1187.19 391.328 2.98393
2 0 -1171.56 369.42 4.87734
2 0 -1155.94 360.585 3.49345
2 0 -1140.31 343.779 2.08857
2 0 -1124.69 211.713 5.45181
2 0 -1109.06 209.496 5.91351
2 0 -1093.44 324.849 0.420928
2 0 -1077.81 307.631 1.49107
2 0 -1062.19 295.714 0.972998
2 0 -1046.56 286.51 0.588339
2 0 -1030.94 277.547 0.763401
2 0 -1015.31 264.692 0.366389
2 0 -999.688 254.77 0.65269
2 0 -984.062 243.909 0.326743
2 0 -968.438 231.392 0.891836
2 0 -952.812 223.596 0.420356
2 0 -937.188 213.378 0.436839
2 0 -921.562 197.721 1.42815
2 0 -905.938 190.894 1.71754
2 0 -890.312 184.984 0.91298
2 0 -874.688 175.055 0.760878
2 0 -859.062 163.67 1.32516
2 0 -843.438 147.269 1.99581
2 0 -827.812 146.993 0.825176
2 0 -812.188 137.317 1.12867
2 0 -796.562 132.412 0.650621
2 0 -780.938 125.044 0.726939
2 0 -765.312 115.893 0.869424
2 0 -749.688 113.027 1.07042
2 0 -734.062 99.6157 1.88939
2 0 -718.438 86.3405 1.56626
2 0 -702.812 86.7838 1.02818
2 0 -687.188 79.6557 0.627837
2 0 -671.562 75.0454 0.517877
2 0 -655.938 64.5174 0.747581
2 0 -640.312 119.907 5.15249
2 0 -624.688 56.829 0.315846
2 0 -609.062 49.2351 0.484377
2 0 -593.438 51.718 3.42375
2 0 -577.812 43.8744 2.12972
2 0 -562.188 31.0805 2.32364
2 0 -546.562 27.5962 0.445129
2 0 -530.938 26.8798 1.78594
2 0 -515.312 21.1903 0.935408
2 0 -499.688 19.0671 0.460461
2 0 -484.062 18.4716 1.52282
2 0 -468.438 20.8364 1.83668
2 0 -452.812 15.9216 1.48503
2 0 -437.188 16.7776 1.43461
2 0 -421.562 20.1045 2.02954
2 0 -405.938 17.2389 2.05453
2 1 -1249.69 446.42 0.515687
2 1 -1234.06 428.013 4.05903
2 1 -1218.44 406.841 5.32262
2 1 -1202.81 408.412 2.68698
2 1 -1187.19 389.033 3.85891
2 1 -1171.56 375.527 6.29989
2 1 -1155.94 363.341 3.44591
2 1 -1140.31 350.498 2.21857
2 1 -1124.69 196.669 6.20836
2 1 -1109.06 212.863 6.87535
2 1 -1093.44 292.113 1.57905
2 1 -1077.81 273.362 4.52632
2 1 -1062.19 248.954 4.71551
2 1 -1046.56 249.698 4.22236
2 1 -1030.94 249.974 2.93263
2 1 -1015.31 249.456 2.53908
2 1 -999.688 231.586 2.77723
2 1 -984.062 217.879 2.69417
2 1 -968.438 212.75 2.7181
2 1 -952.812 204.463 2.45863
2 1 -937.188 186.564 3.09211
2 1 -921.562 185.713 2.71095
2 1 -905.938 185.746 2.78153
2 1 -890.312 163.462 3.24679
2 1 -874.688 144.852 2.6245
2 1 -859.062 140.113 2.98098
2 1 -843.438 117.543 3.63026
2 1 -827.812 113.063 2.3619
2 1 -812.188 111.209 2.90274
2 1 -796.562 103.598 2.3757
2 1 -780.938 99.2593 2.11564
2 1 -765.312 103.651 3.29024
2 1 -749.688 102.166 1.831
2 1 -734.062 79.9778 2.4957
2 1 -718.438 72.5648 2.07068
2 1 -702.812 69.2759 1.77904
2 1 -687.188 68.2138 1.37361
2 1 -671.562 65.2166 1.41637
2 1 -655.938 58.0406 1.23655
2 1 -640.312 91.7119 4.95124
2 1 -624.688 54.9573 3.53301
2 1 -609.062 43.147 2.02571
2 1 -593.438 49.1559 3.8295
2 1 -577.812 38.8144 2.29344
2 1 -562.188 29.1654 2.24558
2 1 -546.562 32.6506 3.80013
2 1 -530.938 27.1252 2.25296
2 1 -515.312 30.3944 3.29121
2 1 -499.688 31.8017 5.15009
2 1 -484.062 31.0556 5.0873
2 1 -468.438 31.7957 5.47995
2 1 -452.812 30.7725 5.60621
2 1 -437.188 31.1338 5.60437
2 1 -421.562 30.691 4.46613
2 1 -405.938 72.0314 10.1248
2 2 -1249.69 425.431 10.0881
2 2 -1234.06 405.117 7.80654
2 2 -1218.44 411.999 4.54371
2 2 -1202.81 405.14 3.45957
2 2 -1187.19 385.247 5.26576
2 2 -1171.56 350.258 9.53965
2 2 -1155.94 313.86 8.69122
2 2 -1140.31 150.657 8.54045
2 2 -1124.69 184.638 6.39412
2 2 -1109.06 214.813 6.71653
2 2 -1093.44 318.433 0.970685
2 2 -1077.81 273.354 5.50572
2 2 -1062.19 258.782 5.08433
2 2 -1046.56 258.319 4.2357
2 2 -1030.94 266.323 2.18923
2 2 -1015.31 255.508 2.09712
2 2 -999.688 246.116 1.79099
2 2 -984.062 238.499 1.38046
2 2 -968.438 221.851 2.4618
2 2 -952.812 211.65 2.26375
2 2 -937.188 204.128 2.1328
2 2 -921.562 200.109 1.09431
2 2 -905.938 195.36 0.677495
2 2 -890.312 175.77 2.67826
2 2 -874.688 165.052 2.88948
2 2 -859.062 150.094 2.92938
2 2 -843.438 140.34 3.73093
2 2 -827.812 141.681 1.60193
2 2 -812.188 133.644 1.95948
2 2 -796.562 127.756 1.61733
2 2 -780.938 119.776 1.32041
2 2 -765.312 114.276 1.16922
2 2 -749.688 107.427 1.4687
2 2 -734.062 101.459 2.1998
2 2 -718.438 83.1966 1.73986
2 2 -702.812 79.2903 1.56238
2 2 -687.188 76.6285 1.07642
2 2 -671.562 73.9415 0.840412
2 2 -655.938 65.555 1.04882
2 2 -640.312 104.407 4.79828
2 2 -624.688 54.4847 0.758372
2 2 -609.062 50.9677 2.32145
2 2 -593.438 47.8934 3.21118
2 2 -577.812 33.3075 1.92777
2 2 -562.188 31.4458 3.44535
2 2 -546.562 27.7462 0.668904
2 2 -530.938 29.0068 2.4978
2 2 -515.312 24.6587 1.25883
2 2 -499.688 24.0772 1.74559
2 2 -484.062 21.1245 2.04097
2 2 -468.438 21.2296 1.70443
2 2 -452.812 14.1898 0.924163
2 2 -437.188 15.2015 1.55085
2 2 -421.562 17.9447 1.50464
2 2 -405.938 16.2846 1.61423
2 3 -1249.69 463.513 1.00342
2 3 -1234.06 433.023 6.64795
2 3 -1218.44 428.962 5.08845
2 3 -1202.81 426.369 3.00407
2 3 -1187.19 411.909 3.17512
2 3 -1171.56 380.234 7.57447
2 3 -1155.94 377.617 4.06624
2 3 -1140.31 359.529 2.80326
2 3 -1124.69 192.315 6.32231
2 3 -1109.06 217.685 6.5737
2 3 -1093.44 327.983 0.530758
2 3 -1077.81 320.911 1.52564
2 3 -1062.19 307.365 1.86437
2 3 -1046.56 288.902 2.69875
2 3 -1030.94 284.529 1.83078
2 3 -1015.31 277.437 1.03799
2 3 -999.688 269.194 0.670721
2 3 -984.062 248.964 1.73059
2 3 -968.438 234.405 2.19644
2 3 -952.812 218.847 2.55128
2 3 -937.188 217.938 2.0122
2 3 -921.562 213.437 1.47927
2 3 -905.938 202.431 1.62666
2 3 -890.312 194.065 2.0378
2 3 -874.688 185.031 1.14403
2 3 -859.062 173.594 1.87904
2 3 -843.438 140.935 3.01939
2 3 -827.812 138.299 2.0197
2 3 -812.188 143.13 1.93076
2 3 -796.562 137.622 1.38396
2 3 -780.938 125.622 1.50244
2 3 -765.312 120.346 1.54358
2 3 -749.688 117.672 1.23181
2 3 -734.062 108.693 0.955646
2 3 -718.438 95.7464 1.78872
2 3 -702.812 87.4484 1.7839
2 3 -687.188 75.0628 1.39543
2 3 -671.562 77.7868 0.765504
2 3 -655.938 73.1037 0.866697
2 3 -640.312 117.769 5.04247
2 3 -624.688 64.4685 0.738698
2 3 -609.062 54.8683 1.07092
2 3 -593.438 50.4749 2.7864
2 3 -577.812 44.6705 2.61571
2 3 -562.188 34.0322 2.26063
2 3 -546.562 33.67 0.757644
2 3 -530.938 31.9804 1.36151
2 3 -515.312 24.8089 1.01578
2 3 -499.688 23.3171 1.00764
2 3 -484.062 22.4236 1.28722
2 3 -468.438 26.7555 3.84659
2 3 -452.812 27.5341 4.0579
2 3 -437.188 27.8305 4.84258
2 3 -421.562 24.6934 3.02644
2 3 -405.938 20.3248 2.41645
2 4 -1249.69 546.813 0.279478
2 4 -1234.06 499.412 8.46453
2 4 -1218.44 496.332 7.45692
2 4 -1202.81 502.96 3.62903
2 4 -1187.19 480.298 4.61268
2 4 -1171.56 460.347 6.80584
2 4 -1155.94 428.209 7.06526
2 4 -1140.31 304.799 9.29856
2 4 -1124.69 242.539 6.53981
2 4 -1109.06 283.971 7.63862
2 4 -1093.44 411.072 0.549232
2 4 -1077.81 393.603 1.73835
2 4 -1062.19 382.855 1.3533
2 4 -1046.56 371.169 0.881864
2 4 -1030.94 358.521 1.05018
2 4 -1015.31 346.842 0.771909
2 4 -999.688 337.15 0.412855
2 4 -984.062 324.024 0.454411
2 4 -968.438 311.124 0.650052
2 4 -952.812 300.993 0.551326
2 4 -937.188 288.753 0.749247
2 4 -921.562 279.549 0.298859
2 4 -905.938 264.813 2.27521
2 4 -890.312 238.333 3.82086
2 4 -874.688 242.211 1.87302
2 4 -859.062 234.308 0.622699
2 4 -843.438 214.911 2.51566
2 4 -827.812 210.978 1.11319
2 4 -812.188 198.658 1.8938
2 4 -796.562 195.137 0.733197
2 4 -780.938 184.259 1.13324
2 4 -765.312 172.757 1.19127
2 4 -749.688 166.659 1.30054
2 4 -734.062 157.624 1.42278
2 4 -718.438 147.375 1.10504
2 4 -702.812 137.032 1.55836
2 4 -687.188 129.709 0.891373
2 4 -671.562 122.379 0.600887
2 4 -655.938 113.757 0.833675
2 4 -640.312 129.17 4.626
2 4 -624.688 96.2335 0.895269
2 4 -609.062 90.4083 0.835227
2 4 -593.438 72.8536 1.60554
2 4 -577.812 61.7304 1.24577
2 4 -562.188 47.4283 1.68982
2 4 -546.562 63.2406 0.380934
2 4 -530.938 58.2318 0.345652
2 4 -515.312 50.1122 0.552483
2 4 -499.688 47.9812 1.8126
2 4 -484.062 39.0764 1.00261
2 4 -468.438 34.0937 1.2669
2 4 -452.812 26.0955 0.807269
2 4 -437.188 23.6242 0.527205
2 4 -421.562 21.497 1.17346
2 4 -405.938 21.0594 1.68451
2 5 -1249.69 551.193 0.266876
2 5 -1234.06 512.467 6.86304
2 5 -1218.44 493.738 8.41814
2 5 -1202.81 515.165 1.58862
2 5 -1187.19 489.509 4.11488
2 5 -1171.56 467.102 6.49545
2 5 -1155.94 455.347 5.03616
2 5 -1140.31 376.131 8.34116
2 5 -1124.69 239.851 6.6035
2 5 -1109.06 268.627 7.70072
2 5 -1093.44 415.476 0.77417
2 5 -1077.81 394.436 2.23861
2 5 -1062.19 387.765 1.1512
2 5 -1046.56 376.221 0.817521
2 5 -1030.94 363.811 0.954483
2 5 -1015.31 351.098 0.488135
2 5 -999.688 340.318 0.669096
2 5 -984.062 327.83 0.283314
2 5 -968.438 315.499 0.529035
2 5 -952.812 304.673 0.436966
2 5 -937.188 292.181 0.556522
2 5 -921.562 282.955 0.28484
2 5 -905.938 269.702 1.03107
2 5 -890.312 256.95 1.93556
2 5 -874.688 242.363 1.60318
2 5 -859.062 237.857 0.678896
2 5 -843.438 222.301 1.56842
2 5 -827.812 212.366 1.13686
2 5 -812.188 201.863 1.74913
2 5 -796.562 195.66 0.943452
2 5 -780.938 187.52 1.13237
2 5 -765.312 177.48 0.987841
2 5 -749.688 167.372 1.39431
2 5 -734.062 155.576 1.39216
2 5 -718.438 148.132 0.910567
2 5 -702.812 142.637 1.02609
2 5 -687.188 131.317 1.1978
2 5 -671.562 122.891 0.685113
2 5 -655.938 113.594 0.881893
2 5 -640.312 117.003 3.84065
2 5 -624.688 96.5385 1.06832
2 5 -609.062 89.4255 0.623182
2 5 -593.438 73.0106 2.07874
2 5 -577.812 60.7736 1.4865
2 5 -562.188 52.6548 1.89164
2 5 -546.562 63.187 0.38249
2 5 -530.938 58.6657 0.919524
2 5 -515.312 48.5968 0.728274
2 5 -499.688 43.0856 1.59544
2 5 -484.062 34.2894 0.498854
2 5 -468.438 30.7803 1.07287
2 5 -452.812 23.6741 1.01854
2 5 -437.188 24.0925 0.992379
2 5 -421.562 19.189 0.953897
2 5 -405.938 18.8407 1.73823
2 6 -1249.69 548.042 0.422707
2 6 -1234.06 505.328 7.87825
2 6 -1218.44 505.033 6.26973
2 6 -1202.81 503.42 3.88831
2 6 -1187.19 488.496 4.50747
2 6 -1171.56 465.374 6.20993
2 6 -1155.94 418.83 8.79505
2 6 -1140.31 231.189 9.54045
2 6 -1124.69 236.02 7.18868
2 6 -1109.06 267.743 7.89901
2 6 -1093.44 410.766 1.11363
2 6 -1077.81 384.485 2.96185
2 6 -1062.19 378.771 1.84805
2 6 -1046.56 369.578 1.3032
2 6 -1030.94 361.128 0.834312
2 6 -1015.31 347.075 0.72671
2 6 -999.688 337.532 0.411092
2 6 -984.062 322.88 0.78049
2 6 -968.438 310.716 0.855314
2 6 -952.812 299.066 0.921799
2 6 -937.188 287.545 1.10948
2 6 -921.562 278.128 0.592444
2 6 -905.938 263.493 1.17032
2 6 -890.312 248.22 2.48193
2 6 -874.688 243.597 0.930048
2 6 -859.062 228.837 1.47557
2 6 -843.438 221.521 2.04171
2 6 -827.812 206.97 1.32192
2 6 -812.188 199.725 1.48404
2 6 -796.562 191.774 1.01595
2 6 -780.938 182.24 1.01552
2 6 -765.312 168.228 1.69066
2 6 -749.688 157.778 1.53462
2 6 -734.062 149.577 1.72403
2 6 -718.438 140.936 1.599
2 6 -702.812 133.409 2.2866
2 6 -687.188 126.942 1.14982
2 6 -671.562 120.838 0.936249
2 6 -655.938 110.894 0.832155
2 6 -640.312 112.285 3.29695
2 6 -624.688 95.4948 0.894912
2 6 -609.062 91.3374 1.86271
2 6 -593.438 71.9165 2.39241
2 6 -577.812 54.6708 1.51934
2 6 -562.188 45.8219 1.70147
2 6 -546.562 63.5089 0.487325
2 6 -530.938 58.6906 1.05479
2 6 -515.312 49.4472 0.53732
2 6 -499.688 42.3223 0.581695
2 6 -484.062 37.5159 0.638049
2 6 -468.438 33.8386 1.6227
2 6 -452.812 27.3211 1.35869
2 6 -437.188 26.5419 1.39602
2 6 -421.562 21.0862 1.23866
2 6 -405.938 22.5577 1.76763
2 7 -1249.69 571.788 0.278313
2 7 -1234.06 534.226 7.31459
2 7 -1218.44 529.349 6.37881
2 7 -1202.81 530.393 3.14889
2 7 -1187.19 504.535 5.02685
2 7 -1171.56 470.582 8.77017
2 7 -1155.94 438.573 8.95804
2 7 -1140.31 231.362 9.88757
2 7 -1124.69 228.859 7.4656
2 7 -1109.06 271.911 9.09771
2 7 -1093.44 433.121 0.827825
2 7 -1077.81 405.447 3.16483
2 7 -1062.19 393.203 2.92975
2 7 -1046.56 387.172 1.86747
2 7 -1030.94 375.968 1.56023
2 7 -1015.31 366.871 0.613646
2 7 -999.688 354.407 0.700518
2 7 -984.062 341.388 0.647671
2 7 -968.438 328.655 0.689634
2 7 -952.812 316.561 0.824567
2 7 -937.188 304.012 1.09597
2 7 -921.562 294.528 0.668316
2 7 -905.938 278.311 1.56009
2 7 -890.312 263.276 2.80811
2 7 -874.688 257.266 1.81192
2 7 -859.062 246.811 0.985099
2 7 -843.438 231.18 2.17599
2 7 -827.812 222.605 1.53907
2 7 -812.188 213.735 1.55238
2 7 -796.562 202.99 1.65417
2 7 -780.938 196.208 1.13801
2 7 -765.312 184.642 1.07936
2 7 -749.688 175.534 1.40251
2 7 -734.062 166.419 1.27341
2 7 -718.438 152.619 1.46086
2 7 -702.812 144.288 1.77744
2 7 -687.188 128.217 2.07845
2 7 -671.562 129.506 0.91306
2 7 -655.938 121.949 1.09202
2 7 -640.312 122.092 3.70538
2 7 -624.688 104.474 0.97845
2 7 -609.062 95.5077 0.801179
2 7 -593.438 79.7844 1.85696
2 7 -577.812 64.6443 1.74362
2 7 -562.188 52.0013 1.90015
2 7 -546.562 70.8536 0.50442
2 7 -530.938 66.157 0.944453
2 7 -515.312 56.7359 0.579101
2 7 -499.688 51.086 1.49851
2 7 -484.062 44.9837 1.46478
2 7 -468.438 39.0023 1.25005
2 7 -452.812 31.1492 0.660207
2 7 -437.188 25.687 1.28956
2 7 -421.562 25.9166 1.45953
2 7 -405.938 21.7369 1.84885
2 8 -1249.69 123.543 65.0379
2 8 -1234.06 33.9333 31.9927
2 8 -1218.44 48.98 38.5208
2 8 -1202.81 64.625 28.0142
2 8 -1187.19 185.015 35.2745
2 8 -1171.56 236.847 42.4888
2 8 -1155.94 112.331 29.6328
2 8 -1140.31 147.45 14.0035
2 8 -1124.69 106.851 7.40244
2 8 -1109.06 63.3769 8.846
2 8 -1093.44 51.1567 9.90709
2 8 -1077.81 92.0217 20.8017
2 8 -1062.19 87.8354 14.5758
2 8 -1046.56 82.0742 18.5172
2 8 -1030.94 75.875 15.1118
2 8 -1015.31 51.126 13.103
2 8 -999.688 92.3171 13.3841
2 8 -984.062 59.6607 13.6756
2 8 -968.438 53.6238 13.8042
2 8 -952.812 67.0118 11.9178
2 8 -937.188 52.4776 17.5802
2 8 -921.562 39.6167 16.7791
2 8 -905.938 56.7438 25.2287
2 8 -890.312 71.8968 25.5098
2 8 -874.688 86.0962 14.2892
2 8 -859.062 103.225 20.8296
2 8 -843.438 95.3695 18.9192
2 8 -827.812 87.1524 10.6791
2 8 -812.188 90.749 17.4017
2 8 -796.562 90.2535 13.4294
2 8 -780.938 105.635 20.5344
2 8 -765.312 72.27 18.821
2 8 -749.688 77.707 13.1399
2 8 -734.062 82.9316 15.6011
2 8 -718.438 38.8156 8.22588
2 8 -702.812 42.8853 10.2374
2 8 -687.188 78.9613 20.9095
2 8 -671.562 61.5533 13.8616
2 8 -655.938 68.1593 19.0407
2 8 -640.312 142.219 9.73562
2 8 -624.688 32.0075 15.167
2 8 -609.062 54.0862 19.8753
2 8 -593.438 73.8175 15.7932
2 8 -577.812 91.7244 14.7934
2 8 -562.188 101.209 18.6291
2 8 -546.562 41.5014 14.3313
2 8 -530.938 34.7683 14.7509
2 8 -515.312 41.6721 11.5104
2 8 -499.688 63.8238 15.6164
2 8 -484.062 25.5863 7.83392
2 8 -468.438 50.0035 11.8501
2 8 -452.812 39.5749 8.85762
2 8 -437.188 23.6144 6.73965
2 8 -421.562 41.2738 7.75247
2 8 -405.938 29.7094 14.8404
2 9 -1249.69 327.527 32.9507
2 9 -1234.06 210.413 49.9547
2 9 -1218.44 164.614 50.8122
2 9 -1202.81 226.019 32.3039
2 9 -1187.19 298.486 17.9734
2 9 -1171.56 303.516 15.3502
2 9 -1155.94 241.485 16.4016
2 9 -1140.31 273.132 6.87633
2 9 -1124.69 153.959 6.63389
2 9 -1109.06 89.5405 7.54254
2 9 -1093.44 112.364 12.1343
2 9 -1077.81 185.623 13.2362
2 9 -1062.19 225.466 8.01627
2 9 -1046.56 177.162 11.2595
2 9 -1030.94 151.555 11.4485
2 9 -1015.31 146.778 12.7792
2 9 -999.688 132.278 9.82712
2 9 -984.062 86.7703 8.88701
2 9 -968.438 99.196 9.87715
2 9 -952.812 72.4893 7.57972
2 9 -937.188 108.192 11.0933
2 9 -921.562 86.2216 10.7332
2 9 -905.938 104.341 12.94
2 9 -890.312 98.5691 8.19082
2 9 -874.688 105.106 5.63313
2 9 -859.062 111.245 6.15223
2 9 -843.438 86.1527 6.60613
2 9 -827.812 82.3577 4.66355
2 9 -812.188 117.545 5.71678
2 9 -796.562 89.9252 4.90809
2 9 -780.938 79.5148 4.43172
2 9 -765.312 83.1842 5.04799
2 9 -749.688 89.2302 2.68219
2 9 -734.062 86.579 4.62645
2 9 -718.438 75.824 2.8108
2 9 -702.812 59.1243 3.16597
2 9 -687.188 54.8508 2.87629
2 9 -671.562 49.3299 3.01345
2 9 -655.938 39.7679 2.9152
2 9 -640.312 124.894 7.89045
2 9 -624.688 39.5773 6.03981
2 9 -609.062 6.62041 1.86893
2 9 -593.438 39.1097 10.9749
2 9 -577.812 34.9737 7.46018
2 9 -562.188 8.42143 3.07607
2 9 -546.562 5.60354 1.72387
2 9 -530.938 12.13 5.34818
2 9 -515.312 4.32025 1.30846
2 9 -499.688 4.80323 1.57255
2 9 -484.062 12.9598 3.11558
2 9 -468.438 30.2322 5.51612
2 9 -452.812 12.7593 2.92011
2 9 -437.188 23.4846 4.69146
2 9 -421.562 26.7152 4.11539
2 9 -405.938 11.2901 6.50553
2 10 -1249.69 98.2 85.0437
2 10 -1234.06 96 70.7953
2 10 -1218.44 67.9 37.9302
2 10 -1202.81 163.4 40.6821
2 10 -1187.19 189.911 43.6904
2 10 -1171.56 283.085 26.6912
2 10 -1155.94 197.059 28.3818
2 10 -1140.31 95.7046 12.4807
2 10 -1124.69 106.9 6.51988
2 10 -1109.06 54.3057 7.14351
2 10 -1093.44 71.9835 12.065
2 10 -1077.81 66.5069 14.9046
2 10 -1062.19 84.8909 13.671
2 10 -1046.56 117.514 11.5408
2 10 -1030.94 80.8986 12.9695
2 10 -1015.31 56.0033 12.5429
2 10 -999.688 57.1543 10.4887
2 10 -984.062 100.312 12.4047
2 10 -968.438 99.2625 12.7208
2 10 -952.812 114.014 8.46225
2 10 -937.188 109.443 15.0728
2 10 -921.562 120.339 15.3866
2 10 -905.938 141.692 8.81128
2 10 -890.312 115.611 8.75692
2 10 -874.688 114.419 6.96179
2 10 -859.062 116.767 4.30877
2 10 -843.438 82.4863 6.18985
2 10 -827.812 106.398 4.80085
2 10 -812.188 102.211 8.96844
2 10 -796.562 103.5 5.08847
2 10 -780.938 97.3915 4.83168
2 10 -765.312 95.2029 7.64423
2 10 -749.688 73.0936 4.71664
2 10 -734.062 77.8196 6.75394
2 10 -718.438 66.9232 4.30612
2 10 -702.812 60.8083 6.34207
2 10 -687.188 56.6948 4.10899
2 10 -671.562 42.4545 3.08804
2 10 -655.938 44.6058 4.50804
2 10 -640.312 114.151 7.92355
2 10 -624.688 49.0115 5.00379
2 10 -609.062 15.8727 3.5813
2 10 -593.438 34.2204 8.67859
2 10 -577.812 60.7206 11.5931
2 10 -562.188 19.8096 4.08661
2 10 -546.562 21.8959 4.79662
2 10 -530.938 27.2165 6.54542
2 10 -515.312 24.7211 3.51672
2 10 -499.688 14.41 3.82491
2 10 -484.062 25.9429 4.63819
2 10 -468.438 32.9345 4.70909
2 10 -452.812 38.64 3.81792
2 10 -437.188 41.5697 3.10104
2 10 -421.562 43.716 3.39057
2 10 -405.938 33.5387 4.13546
2 11 -1249.69 143.778 67.8003
2 11 -1234.06 25.9429 24.0184
2 11 -1202.81 163.027 47.8799
2 11 -1187.19 231.157 28.9446
2 11 -1171.56 301.153 21.4999
2 11 -1155.94 240.559 21.8556
2 11 -1140.31 261.009 9.39927
2 11 -1124.69 123.366 6.97224
2 11 -1109.06 90.6833 7.99262
2 11 -1093.44 152.995 13.3731
2 11 -1077.81 189.619 15.1602
2 11 -1062.19 172.51 14.2621
2 11 -1046.56 125.712 13.3437
2 11 -1030.94 142.469 9.09197
2 11 -1015.31 125.722 10.5869
2 11 -999.688 127.041 9.89094
2 11 -984.062 119.458 10.9131
2 11 -968.438 124.729 11.1458
2 11 -952.812 99.2511 7.73466
2 11 -937.188 94.2826 10.4658
2 11 -921.562 119.711 11.3633
2 11 -905.938 148.485 13.99
2 11 -890.312 95.5321 7.71419
2 11 -874.688 119.129 5.09132
2 11 -859.062 125.969 5.50845
2 11 -843.438 115.636 5.9255
2 11 -827.812 114.141 5.877
2 11 -812.188 124.503 6.98054
2 11 -796.562 105.17 5.93936
2 11 -780.938 102.264 5.51247
2 11 -765.312 127.922 10.347
2 11 -749.688 93.5089 4.37239
2 11 -734.062 95.2833 8.54274
2 11 -718.438 87.7321 4.70148
2 11 -702.812 64.1397 4.30114
2 11 -687.188 56.3949 3.12771
2 11 -671.562 59.7437 4.7015
2 11 -655.938 41.8559 2.9598
2 11 -640.312 122.717 7.68517
2 11 -624.688 70.39 5.10706
2 11 -609.062 37.524 3.46047
2 11 -593.438 50.68 10.1343
2 11 -577.812 46.0254 6.85516
2 11 -562.188 34.2228 6.838
2 11 -546.562 26.2171 4.80917
2 11 -530.938 15.7263 2.67015
2 11 -515.312 32.1663 3.6252
2 11 -499.688 32.4222 3.59048
2 11 -484.062 26.5473 2.95513
2 11 -468.438 44.239 5.78759
2 11 -452.812 56.2733 3.646
2 11 -437.188 57.59 3.99866
2 11 -421.562 64.872 4.80382
2 11 -405.938 36.7304 3.66326
2 12 -1218.44 84.2667 76.9246
2 12 -1202.81 89.5818 57.3008
2 12 -1187.19 84.7294 44.3955
2 12 -1171.56 285.136 43.3796
2 12 -1155.94 293.717 26.9739
2 12 -1140.31 127.802 14.9248
2 12 -1124.69 99.7375 6.21129
2 12 -1109.06 68.8441 8.478
2 12 -1093.44 71.9704 14.0694
2 12 -1077.81 55.9765 23.1263
2 12 -1062.19 58.5211 15.2002
2 12 -1046.56 40.4697 10.4716
2 12 -1030.94 51.3172 10.8305
2 12 -1015.31 16.8722 6.71795
2 12 -999.688 36.676 10.2153
2 12 -984.062 37.3431 9.57645
2 12 -968.438 56.488 13.6286
2 12 -952.812 35.6015 8.01281
2 12 -937.188 11.5752 4.66148
2 12 -921.562 14.3086 4.78742
2 12 -905.938 75.8773 17.3419
2 12 -890.312 12.3158 8.48886
2 12 -874.688 28.2273 6.3274
2 12 -859.062 40.2371 6.79623
2 12 -843.438 28.1164 7.16623
2 12 -827.812 19.9411 3.93539
2 12 -812.188 41.3531 8.63674
2 12 -796.562 52.3875 9.1151
2 12 -780.938 33.5739 6.97699
2 12 -765.312 43.7238 8.85794
2 12 -749.688 53.0389 6.8607
2 12 -734.062 40.2103 7.2626
2 12 -718.438 51.2837 6.46853
2 12 -702.812 43.7183 5.23375
2 12 -687.188 40.0202 4.98202
2 12 -671.562 31.4312 3.78374
2 12 -655.938 39.5379 4.80907
2 12 -640.312 111.866 7.34577
2 12 -624.688 45.424 4.05879
2 12 -609.062 9.98957 2.35135
2 12 -593.438 45.3481 7.95191
2 12 -577.812 39.9881 5.69617
2 12 -562.188 43.3304 5.95186
2 12 -546.562 11.0429 2.86629
2 12 -530.938 11.4605 4.59899
2 12 -515.312 4.038 1.76047
2 12 -499.688 10.384 7.79257
2 12 -484.062 0.402667 0.399973
2 12 -468.438 8.6098 3.96804
2 12 -452.812 0.931818 0.430809
2 12 -437.188 6.78933 3.30101
2 12 -421.562 7.65617 2.5073
2 12 -405.938 9.03974 4.23975
2 13 -1249.69 250.233 91.9573
2 13 -1234.06 343.743 59.0498
2 13 -1218.44 279.42 73.2155
2 13 -1202.81 246.59 47.5557
2 13 -1187.19 244.319 32.7324
2 13 -1171.56 291.164 23.9711
2 13 -1155.94 297.262 21.49
2 13 -1140.31 264.036 13.7389
2 13 -1124.69 123.359 6.22669
2 13 -1109.06 95.0018 8.03815
2 13 -1093.44 141.308 16.5598
2 13 -1077.81 187.255 20.5059
2 13 -1062.19 194.848 14.8409
2 13 -1046.56 159.771 12.8815
2 13 -1030.94 132.436 12.1441
2 13 -1015.31 170.327 15.2651
2 13 -999.688 157.169 12.6243
2 13 -984.062 138.048 11.3579
2 13 -968.438 132.982 13.7885
2 13 -952.812 133.96 10.509
2 13 -937.188 119.979 10.9474
2 13 -921.562 140.211 10.8452
2 13 -905.938 172.249 14.0634
2 13 -890.312 143.829 9.32522
2 13 -874.688 131.98 6.00832
2 13 -859.062 130.824 7.90605
2 13 -843.438 111 7.20349
2 13 -827.812 115.319 5.59949
2 13 -812.188 121.228 8.43458
2 13 -796.562 101.976 6.3148
2 13 -780.938 97.5521 5.87324
2 13 -765.312 86.088 8.54905
2 13 -749.688 74.4466 4.86094
2 13 -734.062 99.0849 6.60714
2 13 -718.438 62.7009 5.45705
2 13 -702.812 52.6288 4.82195
2 13 -687.188 38.9294 3.56055
2 13 -671.562 47.3123 3.74518
2 13 -655.938 20.2764 3.16419
2 13 -640.312 124.994 6.91568
2 13 -624.688 64.5139 4.05187
2 13 -609.062 43.7603 5.21223
2 13 -593.438 55.2882 9.1135
2 13 -577.812 44.6678 5.02095
2 13 -562.188 60.1688 7.41562
2 13 -546.562 37.0619 2.9891
2 13 -530.938 47.9434 4.57412
2 13 -515.312 56.3212 3.18708
2 13 -499.688 33.9257 3.36104
2 13 -484.062 41.6424 3.02434
2 13 -468.438 54.1723 3.84227
2 13 -452.812 68.9992 3.00444
2 13 -437.188 60.9638 2.75181
2 13 -421.562 57.4974 1.91095
2 13 -405.938 52.94 4.77605
2 14 -1249.69 481.912 35.6834
2 14 -1234.06 126.486 36.5441
2 14 -1218.44 1.10909 1.08359
2 14 -1202.81 63.3773 23.8877
2 14 -1187.19 25.8945 12.2123
2 14 -1171.56 74.5831 18.2533
2 14 -1155.94 99.5927 19.4967
2 14 -1140.31 92.8667 10.6063
2 14 -1124.69 84.315 5.03364
2 14 -1109.06 43.6588 5.91712
2 14 -1093.44 72.8962 10.9815
2 14 -1077.81 136.654 24.2676
2 14 -1062.19 93.4383 13.3037
2 14 -1046.56 40.1744 8.57031
2 14 -1030.94 86.5282 12.0334
2 14 -1015.31 52.356 11.3844
2 14 -999.688 25.8631 6.34381
2 14 -984.062 23.5907 5.83218
2 14 -968.438 45.2365 9.56116
2 14 -952.812 44.9263 7.75696
2 14 -937.188 10.3096 3.33456
2 14 -921.562 18.1301 4.19641
2 14 -905.938 39.2667 10.4766
2 14 -890.312 23.8658 8.00262
2 14 -874.688 13.0833 3.02344
2 14 -859.062 30.1198 4.62765
2 14 -843.438 47.7058 6.57359
2 14 -827.812 27.11 3.35219
2 14 -812.188 58.6348 7.26535
2 14 -796.562 59.9421 6.08467
2 14 -780.938 35.7553 4.28759
2 14 -765.312 76.8442 8.77107
2 14 -749.688 106.875 5.00947
2 14 -734.062 82.7745 5.67493
2 14 -718.438 90.8617 4.83519
2 14 -702.812 68.6016 5.7489
2 14 -687.188 64.5087 5.19345
2 14 -671.562 50.6333 4.55838
2 14 -655.938 55.3327 5.2023
2 14 -640.312 89.0004 5.37621
2 14 -624.688 59.8366 3.25134
2 14 -609.062 50.8033 3.31244
2 14 -593.438 47.8329 4.73813
2 14 -577.812 43.5255 3.93961
2 14 -562.188 47.4714 4.9639
2 14 -546.562 40.4262 2.77498
2 14 -530.938 36.479 2.58855
2 14 -515.312 24.9488 3.2597
2 14 -499.688 16.0435 2.82706
2 14 -484.062 13.717 2.11967
2 14 -468.438 13.9371 3.8669
2 14 -452.812 18.0166 1.95844
2 14 -437.188 17.2495 2.34926
2 14 -421.562 16.8849 2.25943
2 14 -405.938 21.2324 5.17757
2 15 -1249.69 134.692 39.5041
2 15 -1234.06 191.779 47.0319
2 15 -1218.44 158.712 43.802
2 15 -1202.81 179.738 31.5335
2 15 -1187.19 195.312 26.918
2 15 -1171.56 267.361 32.3789
2 15 -1155.94 146.4 20.427
2 15 -1140.31 160.084 12.4648
2 15 -1124.69 117.998 6.52131
2 15 -1109.06 106.224 9.86969
2 15 -1093.44 163.204 10.8978
2 15 -1077.81 202.687 25.4809
2 15 -1062.19 193.458 22.0154
2 15 -1046.56 193.08 17.4014
2 15 -1030.94 207.601 15.9383
2 15 -1015.31 212.71 17.979
2 15 -999.688 179.326 16.8021
2 15 -984.062 213.065 17.2158
2 15 -968.438 219.57 20.3205
2 15 -952.812 186.487 13.2526
2 15 -937.188 173.431 15.78
2 15 -921.562 184.633 14.7155
2 15 -905.938 193.669 20.733
2 15 -890.312 156.784 25.5098
2 15 -874.688 171.227 18.5743
2 15 -859.062 140.708 15.2135
2 15 -843.438 136.67 14.4423
2 15 -827.812 99.9668 8.95096
2 15 -812.188 123.117 14.7976
2 15 -796.562 106.508 13.7241
2 15 -780.938 138.959 14.8212
2 15 -765.312 98.4059 15.3613
2 15 -749.688 164.076 16.4026
2 15 -734.062 135.217 16.015
2 15 -718.438 151.894 17.2714
2 15 -702.812 143.782 14.8847
2 15 -687.188 116.117 10.7875
2 15 -671.562 156.217 12.7772
2 15 -655.938 138.715 19.265
2 15 -640.312 121.306 7.66498
2 15 -624.688 143.699 16.0435
2 15 -609.062 128.414 14.307
2 15 -593.438 126.018 15.1716
2 15 -577.812 145.076 12.4194
2 15 -562.188 114.824 10.6105
2 15 -546.562 120.729 15.6885
2 15 -530.938 144.548 19.4209
2 15 -515.312 117.643 14.2171
2 15 -499.688 126.736 17.9598
2 15 -484.062 131.974 15.315
2 15 -468.438 114.354 14.5844
2 15 -452.812 106.843 10.7504
2 15 -437.188 110.758 11.1352
2 15 -421.562 95.5533 8.09167
2 15 -405.938 110.239 11.1678
3 0 -1249.69 227.325 0.271156
3 0 -1234.06 216.979 3.33291
3 0 -1218.44 210.507 3.1774
3 0 -1202.81 206.838 1.20021
3 0 -1187.19 197.03 1.80152
3 0 -1171.56 193.599 0.725782
3 0 -1155.94 186.448 0.197547
3 0 -1140.31 179.703 0.570373
3 0 -1124.69 172.007 0.22676
3 0 -1109.06 164.959 0.978661
3 0 -1093.44 99.8382 2.78951
3 0 -1077.81 144.456 2.68076
3 0 -1062.19 142.053 1.68711
3 0 -1046.56 138.081 1.20246
3 0 -1030.94 131.249 1.12648
3 0 -1015.31 128.55 0.918802
3 0 -999.688 124.109 0.738859
3 0 -984.062 114.947 1.16187
3 0 -968.438 111.6 1.39988
3 0 -952.812 102.74 1.17037
3 0 -937.188 97.4474 1.31679
3 0 -921.562 98.8107 1.50489
3 0 -905.938 94.1989 2.24111
3 0 -890.312 88.8681 0.661231
3 0 -874.688 81.6461 1.26397
3 0 -859.062 79.5317 2.19589
3 0 -843.438 74.3835 1.4441
3 0 -827.812 68.4477 1.47109
3 0 -812.188 65.7092 3.36894
3 0 -796.562 57.4056 0.605162
3 0 -780.938 52.8971 0.678944
3 0 -765.312 48.3522 1.93038
3 0 -749.688 44.1304 1.37394
3 0 -734.062 38.277 1.70803
3 0 -718.438 26.3368 0.589161
3 0 -702.812 30.197 1.26185
3 0 -687.188 31.4172 6.13387
3 0 -671.562 21.6068 2.50457
3 0 -655.938 21.7197 4.84983
3 0 -640.312 18.6574 1.72846
3 0 -624.688 24.6204 4.9237
3 0 -609.062 21.9895 4.40079
3 0 -593.438 24.1024 7.17987
3 0 -577.812 21.1089 4.28721
3 0 -562.188 57.6259 12.5
3 0 -546.562 16.963 6.07758
3 0 -530.938 46.5836 11.1715
3 0 -515.312 43.2537 6.96928
3 0 -499.688 49.0151 10.424
3 0 -484.062 47.495 10.5474
3 0 -468.438 61.6871 16.9694
3 0 -452.812 93.0366 22.9739
3 0 -437.188 34.2 15.5966
3 0 -421.562 60.3897 18.6069
3 0 -405.938 95.175 39.7112
3 1 -1249.69 180.175 36.7811
3 1 -1234.06 202.387 20.5057
3 1 -1218.44 218.259 8.2585
3 1 -1202.81 207.559 6.20967
3 1 -1187.19 205.564 4.9917
3 1 -1171.56 184.467 7.47355
3 1 -1155.94 189.688 3.49902
3 1 -1140.31 187.166 2.92449
3 1 -1124.69 172.673 4.52881
3 1 -1109.06 170.8 3.17946
3 1 -1093.44 80.1444 5.41121
3 1 -1077.81 126.817 8.12141
3 1 -1062.19 143.302 3.78645
3 1 -1046.56 141.057 3.19645
3 1 -1030.94 129.214 3.66646
3 1 -1015.31 127.251 3.34166
3 1 -999.688 116.554 3.45062
3 1 -984.062 110.07 3.66112
3 1 -968.438 102.795 3.78122
3 1 -952.812 101.54 2.73441
3 1 -937.188 86.852 4.38434
3 1 -921.562 92.5193 2.72977
3 1 -905.938 98.8265 1.681
3 1 -890.312 93.1703 1.74341
3 1 -874.688 87.171 1.53043
3 1 -859.062 84.857 0.962696
3 1 -843.438 81.3029 2.69548
3 1 -827.812 72.2856 1.20277
3 1 -812.188 67.1872 1.86699
3 1 -796.562 61.4674 1.54801
3 1 -780.938 56.7223 1.51865
3 1 -765.312 47.8814 2.08496
3 1 -749.688 46.3674 1.63116
3 1 -734.062 46.4667 12.5402
3 1 -718.438 11.6612 2.76065
3 1 -702.812 13.9077 9.57528
3 1 -687.188 1.84211 1.79297
3 1 -671.562 8.29565 2.10195
3 1 -655.938 2.81481 1.9181
3 1 -640.312 0.648739 0.373086
3 1 -624.688 0.505618 0.237662
3 1 -609.062 2.44307 1.64668
3 1 -593.438 0.275524 0.195292
3 1 -577.812 5.11806 2.82719
3 1 -562.188 1.38242 0.602179
3 1 -546.562 4.69195 4.30265
3 1 -530.938 10.0955 6.59962
3 1 -515.312 38.3293 12.3737
3 1 -499.688 11.4119 5.28891
3 1 -484.062 50.632 10.8524
3 1 -468.438 49.4603 12.4798
3 1 -452.812 44.7794 4.56676
3 1 -437.188 38.96 4.89495
3 1 -421.562 31.9911 12.4873
3 1 -405.938 36.1091 15.0741
3 2 -1249.69 231.262 0.542916
3 2 -1234.06 224.458 0.559439
3 2 -1218.44 215.526 2.05512
3 2 -1202.81 212.508 0.392046
3 2 -1187.19 201.15 1.60107
3 2 -1171.56 195.915 0.968382
3 2 -1155.94 189.327 0.348999
3 2 -1140.31 181.985 0.362783
3 2 -1124.69 174.519 1.07569
3 2 -1109.06 169.237 0.725905
3 2 -1093.44 136.584 1.29314
3 2 -1077.81 143.529 2.64531
3 2 -1062.19 147.828 1.2451
3 2 -1046.56 141.546 1.04772
3 2 -1030.94 136.346 0.859516
3 2 -1015.31 128.869 0.877938
3 2 -999.688 122.018 1.24255
3 2 -984.062 116.038 0.981957
3 2 -968.438 112.286 0.928622
3 2 -952.812 101.675 1.19385
3 2 -937.188 95.3567 1.31462
3 2 -921.562 93.0618 1.0112
3 2 -905.938 90.1448 1.04496
3 2 -890.312 86.1504 0.863603
3 2 -874.688 82.4514 1.71808
3 2 -859.062 75.3913 1.15635
3 2 -843.438 74.3345 1.70223
3 2 -827.812 67.031 0.577897
3 2 -812.188 63.3604 0.878368
3 2 -796.562 57.3313 0.671474
3 2 -780.938 51.0813 0.741021
3 2 -765.312 43.8629 0.790259
3 2 -749.688 42.5201 1.23919
3 2 -734.062 46.8145 2.90971
3 2 -718.438 32.5621 0.628435
3 2 -702.812 27.7108 0.630334
3 2 -687.188 19.5395 1.11549
3 2 -671.562 20.2357 0.613459
3 2 -655.938 9.70315 0.688884
3 2 -640.312 18.8383 0.586629
3 2 -624.688 11.8513 0.594013
3 2 -609.062 19.8293 1.27356
3 2 -593.438 9.81588 1.6611
3 2 -577.812 13.7504 1.14441
3 2 -562.188 12.9942 0.551274
3 2 -546.562 5.21981 0.962149
3 2 -530.938 19.4224 3.87534
3 2 -515.312 20.4935 1.93219
3 2 -499.688 20.4606 2.5903
3 2 -484.062 22.8033 2.79724
3 2 -468.438 9.85882 2.58488
3 2 -452.812 0.482877 0.177841
3 2 -437.188 0.3375 0.192885
3 2 -421.562 2.57895 2.54479
3 2 -405.938 2.79259 2.74039
3 3 -452.812 12.531 12.3131
3 3 -421.562 71.6171 26.7444
3 3 -405.938 45.0417 30.6019
3 4 -1249.69 289.028 8.44387
3 4 -1234.06 290.072 3.80822
3 4 -1218.44 280.55 4.68716
3 4 -1202.81 280.381 1.60036
3 4 -1187.19 268.839 1.9995
3 4 -1171.56 256.703 2.7282
3 4 -1155.94 249.534 3.12814
3 4 -1140.31 244.967 1.51732
3 4 -1124.69 240.105 1.53207
3 4 -1109.06 231.921 1.43723
3 4 -1093.44 204.372 1.94434
3 4 -1077.81 202.623 3.4346
3 4 -1062.19 200.526 2.48903
3 4 -1046.56 199.8 1.6043
3 4 -1030.94 192.774 1.27624
3 4 -1015.31 186.558 1.323
3 4 -999.688 179.872 1.21204
3 4 -984.062 169.46 1.6339
3 4 -968.438 158.071 1.90154
3 4 -952.812 160.452 1.80719
3 4 -937.188 154.911 1.19831
3 4 -921.562 146.801 1.1558
3 4 -905.938 134.774 3.00767
3 4 -890.312 128.008 2.15779
3 4 -874.688 129.788 1.33544
3 4 -859.062 116.197 1.70541
3 4 -843.438 115.829 2.51805
3 4 -827.812 113.315 0.988253
3 4 -812.188 108.494 0.730197
3 4 -796.562 99.2744 1.09626
3 4 -780.938 99.5573 1.5435
3 4 -765.312 88.3012 1.24092
3 4 -749.688 81.7576 0.709712
3 4 -734.062 80.8889 1.21991
3 4 -718.438 72.9175 0.693167
3 4 -702.812 71.9903 0.508143
3 4 -687.188 60.5204 0.70261
3 4 -671.562 57.528 0.764695
3 4 -655.938 51.7772 0.657294
3 4 -640.312 45.5924 0.570984
3 4 -624.688 39.0295 0.576994
3 4 -609.062 34.5274 1.14165
3 4 -593.438 38.414 1.95144
3 4 -577.812 27.0069 0.705525
3 4 -562.188 25.3533 1.21515
3 4 -546.562 18.0165 0.74418
3 4 -530.938 21.4087 2.57735
3 4 -515.312 16.3199 2.07139
3 4 -499.688 14.3351 2.00372
3 4 -484.062 21.2 2.97167
3 4 -468.438 22.1427 2.84902
3 4 -452.812 12.1074 2.05353
3 4 -437.188 31.6293 6.69372
3 4 -421.562 33.0887 4.23181
3 4 -405.938 25.549 6.04309
3 5 -1249.69 316 0.371412
3 5 -1234.06 309.889 0.571365
3 5 -1218.44 297.961 3.16358
3 5 -1202.81 293.678 0.558803
3 5 -1187.19 281.607 1.71731
3 5 -1171.56 276.948 1.13642
3 5 -1155.94 271.079 0.755238
3 5 -1140.31 261.828 0.374016
3 5 -1124.69 252.37 1.43699
3 5 -1109.06 245.604 2.26513
3 5 -1093.44 207.209 2.05105
3 5 -1077.81 220.43 2.67669
3 5 -1062.19 210.428 2.1086
3 5 -1046.56 206.6 1.91667
3 5 -1030.94 201.242 1.79783
3 5 -1015.31 195.942 1.39749
3 5 -999.688 191.573 1.15531
3 5 -984.062 186.024 0.895396
3 5 -968.438 179.951 0.683609
3 5 -952.812 172.365 0.82691
3 5 -937.188 165.562 0.779321
3 5 -921.562 151.14 1.47641
3 5 -905.938 140.906 3.03072
3 5 -890.312 146.438 1.89813
3 5 -874.688 146.308 1.23942
3 5 -859.062 135.975 2.31844
3 5 -843.438 127.657 1.87213
3 5 -827.812 120.197 0.741023
3 5 -812.188 116.426 0.752061
3 5 -796.562 108.364 1.01443
3 5 -780.938 105.166 0.90611
3 5 -765.312 100.049 1.26751
3 5 -749.688 90.5793 0.921133
3 5 -734.062 90.962 2.25999
3 5 -718.438 77.6941 0.783235
3 5 -702.812 77.0239 1.03495
3 5 -687.188 69.967 1.10674
3 5 -671.562 63.7441 0.642597
3 5 -655.938 56.0235 0.805704
3 5 -640.312 57.1 1.50533
3 5 -624.688 44.5055 1.14515
3 5 -609.062 37.1962 0.611523
3 5 -593.438 37.9491 1.1727
3 5 -577.812 33.2573 0.662032
3 5 -562.188 25.4069 0.945946
3 5 -546.562 20.346 0.908718
3 5 -530.938 18.1851 2.67559
3 5 -515.312 12.8129 1.4397
3 5 -499.688 11.3656 0.760779
3 5 -484.062 14.8402 2.319
3 5 -468.438 20.1652 3.00469
3 5 -452.812 13.5677 2.68139
3 5 -437.188 16.8494 3.05558
3 5 -421.562 34.6426 4.41458
3 5 -405.938 19.3929 3.69948
3 6 -1249.69 301.387 6.77904
3 6 -1234.06 289.905 7.33616
3 6 -1218.44 284.882 6.02157
3 6 -1202.81 283.544 2.35543
3 6 -1187.19 271.196 2.51202
3 6 -1171.56 268.312 2.96013
3 6 -1155.94 257.345 1.68984
3 6 -1140.31 251.043 0.949364
3 6 -1124.69 243.453 0.244344
3 6 -1109.06 232.224 2.12495
3 6 -1093.44 107.662 5.25852
3 6 -1077.81 194.547 6.58819
3 6 -1062.19 197.557 3.52492
3 6 -1046.56 193.388 3.2911
3 6 -1030.94 189.282 2.52875
3 6 -1015.31 188.186 1.9299
3 6 -999.688 179.614 2.0443
3 6 -984.062 177.316 1.37655
3 6 -968.438 167.899 1.84268
3 6 -952.812 162.225 1.53427
3 6 -937.188 154.828 1.96111
3 6 -921.562 151.212 1.28848
3 6 -905.938 140.835 2.31254
3 6 -890.312 141.59 1.39131
3 6 -874.688 132.71 1.47702
3 6 -859.062 126.349 1.00439
3 6 -843.438 122.636 1.492
3 6 -827.812 114.397 0.905677
3 6 -812.188 107.282 1.23986
3 6 -796.562 99.7631 1.29431
3 6 -780.938 96.9155 0.957734
3 6 -765.312 90.1916 1.12694
3 6 -749.688 86.8301 0.455796
3 6 -734.062 81.4285 0.989428
3 6 -718.438 75.2764 0.364991
3 6 -702.812 71.9466 0.792787
3 6 -687.188 64.7306 0.376754
3 6 -671.562 59.1491 0.730315
3 6 -655.938 55.4365 0.639051
3 6 -640.312 49.0207 0.392076
3 6 -624.688 44.3319 0.620671
3 6 -609.062 35.9552 1.62978
3 6 -593.438 35.6885 0.782886
3 6 -577.812 28.4864 0.842071
3 6 -562.188 24.64 0.892563
3 6 -546.562 16.9198 0.731054
3 6 -530.938 12.7291 0.833134
3 6 -515.312 13.9579 0.917574
3 6 -499.688 25.9616 1.73854
3 6 -484.062 26.0994 4.84461
3 6 -468.438 45.1669 10.636
3 6 -452.812 12.7176 5.70198
3 6 -437.188 23.5268 8.37767
3 6 -421.562 40.1365 7.1249
3 6 -405.938 77.4213 18.6988
3 7 -1249.69 206.642 32.3009
3 7 -1234.06 201.903 22.2148
3 7 -1218.44 204.527 21.8505
3 7 -1202.81 215.068 13.5206
3 7 -1187.19 199.333 9.93056
3 7 -1171.56 176.474 9.11156
3 7 -1155.94 175.099 10.1878
3 7 -1140.31 104.905 8.85924
3 7 -1124.69 164.978 9.828
3 7 -1109.06 176.563 8.51422
3 7 -1093.44 88.7599 6.1294
3 7 -1077.81 128.202 10.3556
3 7 -1062.19 147.996 6.72437
3 7 -1046.56 168.693 5.91238
3 7 -1030.94 146.151 5.39257
3 7 -1015.31 135.077 5.64537
3 7 -999.688 122.652 5.63103
3 7 -984.062 120.227 5.51958
3 7 -968.438 108.834 5.54902
3 7 -952.812 116.754 5.2106
3 7 -937.188 94.8307 5.88733
3 7 -921.562 81.4335 4.4129
3 7 -905.938 104.223 5.25509
3 7 -890.312 97.5644 5.48905
3 7 -874.688 97.2711 4.58402
3 7 -859.062 85.5628 4.3575
3 7 -843.438 78.1884 5.69986
3 7 -827.812 87.0723 3.46338
3 7 -812.188 81.843 3.79533
3 7 -796.562 69.719 3.09758
3 7 -780.938 72.133 2.87056
3 7 -765.312 68.8205 3.66962
3 7 -749.688 65.5644 2.00438
3 7 -734.062 58.8802 2.8444
3 7 -718.438 57.3436 2.50308
3 7 -702.812 52.0661 2.07863
3 7 -687.188 37.9284 2.59587
3 7 -671.562 35.338 1.83019
3 7 -655.938 24.9669 2.1829
3 7 -640.312 28.5202 1.92852
3 7 -624.688 27.6965 6.03461
3 7 -609.062 23.9458 3.60314
3 7 -593.438 14.7453 1.5019
3 7 -577.812 12.9891 1.11905
3 7 -562.188 12.9247 1.22135
3 7 -546.562 8.80857 0.922575
3 7 -530.938 9.67807 2.00002
3 7 -515.312 6.79341 1.85195
3 7 -499.688 10.5075 4.02752
3 7 -484.062 28.1265 7.14295
3 7 -468.438 22.1143 5.07958
3 7 -452.812 8.17734 2.69438
3 7 -437.188 39.8049 9.70056
3 7 -421.562 44.0154 7.69876
3 7 -405.938 45.5203 12.5903
3 8 -1249.69 12.88 11.5202
3 8 -1234.06 10.8364 10.3321
3 8 -1202.81 93.4348 33.5443
3 8 -1187.19 41.3643 13.8011
3 8 -1171.56 113.956 28.2333
3 8 -1155.94 95.2973 25.7511
3 8 -1140.31 84.752 33.7083
3 8 -1124.69 41.2783 33.6468
3 8 -1109.06 38.7048 14.2255
3 8 -1093.44 21.8075 6.07899
3 8 -1077.81 49.952 28.5507
3 8 -1062.19 14.7125 7.44663
3 8 -1046.56 40.8258 20.205
3 8 -1030.94 68.2817 20.1606
3 8 -1015.31 74.22 21.9515
3 8 -999.688 72.3414 21.631
3 8 -984.062 39.9185 15.9508
3 8 -968.438 34.0426 16.7345
3 8 -952.812 116.695 21.9103
3 8 -937.188 46.4898 19.0561
3 8 -921.562 31.7688 16.0628
3 8 -905.938 49.44 20.2864
3 8 -890.312 29.5576 13.7149
3 8 -874.688 70.4638 20.6826
3 8 -859.062 67.4233 24.6836
3 8 -843.438 85.8545 32.8017
3 8 -827.812 33.4878 19.5811
3 8 -812.188 37.2529 19.4764
3 8 -796.562 47.5556 18.3212
3 8 -780.938 65.7452 18.0849
3 8 -765.312 39.7018 18.0713
3 8 -749.688 58.04 19.7764
3 8 -734.062 59.9743 20.4368
3 8 -718.438 44.3402 13.3229
3 8 -702.812 51.8822 17.4239
3 8 -687.188 19.896 9.58379
3 8 -671.562 27.4032 9.42135
3 8 -655.938 14.0472 8.28702
3 8 -640.312 52.4237 15.5787
3 8 -624.688 35.7922 13.2925
3 8 -609.062 31.2747 15.4137
3 8 -593.438 28.8353 13.0761
3 8 -577.812 31.2085 13.1723
3 8 -562.188 52.4812 24.2332
3 8 -546.562 40.8182 18.0576
3 8 -530.938 35.5417 13.0137
3 8 -515.312 41.0092 11.921
3 8 -499.688 27.8723 14.7772
3 8 -484.062 28.6571 18.5299
3 8 -468.438 37.7333 18.9084
3 8 -452.812 13.0163 9.09036
3 8 -437.188 45.3902 21.6996
3 8 -421.562 31.3649 13.3175
3 8 -405.938 20.0839 12.2211
3 9 -1234.06 172.222 30.7
3 9 -1218.44 169.48 26.869
3 9 -1202.81 190.584 11.2839
3 9 -1187.19 132.697 17.8876
3 9 -1171.56 118.363 15.701
3 9 -1155.94 166.897 9.57647
3 9 -1140.31 125.545 17.8701
3 9 -1124.69 134.76 54.8758
3 9 -1109.06 96.4353 19.6023
3 9 -1093.44 19.0667 6.67137
3 9 -1077.81 21.8714 14.3186
3 9 -1062.19 65.8 17.3441
3 9 -1046.56 69.81 21.989
3 9 -1030.94 72.2438 13.4432
3 9 -1015.31 107.115 6.81979
3 9 -999.688 81.2164 7.82102
3 9 -984.062 63.6333 9.3736
3 9 -968.438 64.15 9.57512
3 9 -952.812 86.4525 5.78835
3 9 -937.188 32.7 14.9488
3 9 -921.562 29.4353 11.0637
3 9 -905.938 62.8343 7.67671
3 9 -890.312 66.7027 6.49132
3 9 -874.688 71.7171 6.30636
3 9 -859.062 66.4 5.34224
3 9 -843.438 66.6286 9.29465
3 9 -827.812 58.6292 4.38257
3 9 -812.188 22.136 6.85148
3 9 -796.562 10.4577 3.17054
3 9 -780.938 30.0653 3.91655
3 9 -765.312 11.437 4.12167
3 9 -749.688 6.45333 3.00756
3 9 -734.062 28.405 10.5652
3 9 -718.438 22.3366 11.6287
3 9 -702.812 11.3489 6.87133
3 9 -687.188 4.87273 2.00835
3 9 -671.562 0.52 0.515648
3 9 -655.938 0.556757 0.549182
3 9 -640.312 0.425373 0.243164
3 9 -624.688 4.24706 3.84815
3 9 -609.062 2.47705 2.0717
3 9 -593.438 7.38158 6.14065
3 9 -530.938 6.15294 6.06178
3 9 -515.312 27.3943 10.088
3 9 -499.688 13.8647 9.67441
3 9 -405.938 33.7273 18.0472
3 10 -1249.69 145.067 59.2239
3 10 -1234.06 164.511 29.3229
3 10 -1218.44 89.6375 25.4119
3 10 -1202.81 154.35 14.4522
3 10 -1187.19 108.15 16.8864
3 10 -1171.56 141.948 10.5469
3 10 -1155.94 144.415 9.58785
3 10 -1140.31 109.016 13.3248
3 10 -1124.69 77.1818 25.4965
3 10 -1109.06 115.827 15.1258
3 10 -1093.44 18.48 5.48293
3 10 -1077.81 31.6857 16.2239
3 10 -1062.19 48.13 14.7029
3 10 -1046.56 63.7926 12.8034
3 10 -1030.94 57.0311 9.51738
3 10 -1015.31 82.8857 6.55721
3 10 -999.688 86.1704 7.66054
3 10 -984.062 53.8571 8.75083
3 10 -968.438 58.0333 9.15895
3 10 -952.812 86.4442 4.90898
3 10 -937.188 34.5529 13.8549
3 10 -921.562 55.8182 7.02846
3 10 -905.938 80.3448 7.07509
3 10 -890.312 71.4135 3.67422
3 10 -874.688 70.6509 3.79368
3 10 -859.062 70.2163 4.52591
3 10 -843.438 70.4933 11.7309
3 10 -827.812 39.1594 4.80258
3 10 -812.188 37.5636 7.12032
3 10 -796.562 24.2754 3.60335
3 10 -780.938 22.2074 2.95431
3 10 -765.312 14.3579 3.56304
3 10 -749.688 6.04706 2.04172
3 10 -734.062 15.0909 7.77601
3 10 -718.438 8.65686 4.7834
3 10 -702.812 7.77391 4.68717
3 10 -687.188 0.555102 0.549409
3 10 -671.562 3.14444 2.39564
3 10 -640.312 2.76863 2.50014
3 10 -624.688 4.84427 4.1898
3 10 -609.062 12.9362 6.56529
3 10 -593.438 7.18125 7.12493
3 10 -577.812 16.0949 7.60864
3 10 -562.188 7.3875 7.27115
3 10 -546.562 12.2389 9.3907
3 10 -530.938 4.91389 4.5161
3 10 -515.312 14.7144 5.0464
3 10 -437.188 38.2923 36.7901
3 11 -1202.81 45.525 28.0613
3 11 -1187.19 38.2909 24.743
3 11 -1171.56 15.1667 14.521
3 11 -1155.94 18.0429 12.207
3 11 -1077.81 35.9636 34.29
3 11 -1030.94 17.3222 11.6923
3 11 -1015.31 10.1167 9.68597
3 11 -999.688 70.3583 32.73
3 11 -952.812 49.0387 25.5523
3 11 -905.938 33.925 15.4898
3 11 -890.312 42.68 40.4898
3 11 -874.688 17.05 7.07682
3 11 -859.062 76.6947 40.1903
3 11 -827.812 53 33.614
3 11 -796.562 33.9667 24.7485
3 11 -780.938 24.12 23.3021
3 11 -765.312 39.1818 33.1597
3 11 -734.062 21.6143 11.6489
3 11 -718.438 66.9515 32.66
3 11 -702.812 35.9294 21.3803
3 11 -655.938 15.4455 10.9153
3 11 -640.312 11.1385 7.3152
3 11 -624.688 10.352 10.1428
3 11 -609.062 45.313 25.3523
3 11 -593.438 87.5158 43.2505
3 11 -577.812 55.4957 24.8116
3 11 -530.938 13.7882 13.3766
3 11 -515.312 14.1364 13.8113
3 11 -452.812 14.976 11.1757
3 11 -437.188 24.1 23.074
3 11 -421.562 88.1905 43.4886
3 11 -405.938 98.8167 47.1202
3 12 -1202.81 16.1529 15.6707
3 12 -1187.19 18.5 17.827
3 12 -1171.56 33.9333 32.9773
3 12 -1062.19 9.24667 6.99006
3 12 -1046.56 9.34483 7.03361
3 12 -1030.94 7.26984 4.31165
3 12 -999.688 4.555 4.4977
3 12 -921.562 15.3692 15.1709
3 12 -905.938 17.625 10.3963
3 12 -890.312 8.6 5.88198
3 12 -874.688 15.6885 6.05764
3 12 -859.062 51.7786 19.0945
3 12 -843.438 35.819 20.8977
3 12 -827.812 7.1 5.27653
3 12 -812.188 9.76552 6.77884
3 12 -780.938 2.10667 2.08313
3 12 -765.312 36.6 18.1054
3 12 -749.688 24.1347 13.2514
3 12 -734.062 12.9267 5.30497
3 12 -702.812 1.09123 1.08161
3 12 -687.188 11.1852 11.0811
3 12 -655.938 3.77368 3.7237
3 12 -624.688 6.4383 6.36944
3 12 -577.812 7.09 7.00081
3 12 -546.562 1.85581 1.83411
3 12 -484.062 11.437 11.3306
3 12 -437.188 6.42 6.35548
3 12 -421.562 8.57187 5.98042
3 12 -405.938 36.7655 24.4244
3 13 -1249.69 60.56 54.1665
3 13 -1234.06 49.5667 45.248
3 13 -1218.44 159.022 33.5376
3 13 -1202.81 187.057 34.047
3 13 -1187.19 196.186 15.5524
3 13 -1171.56 181.03 16.8491
3 13 -1155.94 107.995 20.3849
3 13 -1140.31 85.7586 15.5251
3 13 -1124.69 56.8621 18.5621
3 13 -1109.06 57.0667 22.6534
3 13 -1093.44 24.3256 9.83
3 13 -1077.81 36.2645 17.7672
3 13 -1062.19 53.2267 15.7322
3 13 -1046.56 72.144 19.3064
3 13 -1030.94 52.2711 12.9407
3 13 -1015.31 70.4903 19.9247
3 13 -999.688 107.822 13.3935
3 13 -984.062 91.0066 11.0732
3 13 -968.438 86.287 12.968
3 13 -952.812 82.5612 9.95453
3 13 -937.188 64.3802 8.49168
3 13 -921.562 48.9812 7.70161
3 13 -905.938 56.0625 31.5566
3 13 -890.312 100.493 12.0177
3 13 -874.688 92.5117 8.42735
3 13 -859.062 75.3439 6.50495
3 13 -843.438 64.8289 6.94402
3 13 -827.812 79.4364 5.72415
3 13 -812.188 84.35 5.8106
3 13 -796.562 51.4753 5.23059
3 13 -780.938 73.5108 3.6636
3 13 -765.312 55.5445 5.27358
3 13 -749.688 60.3843 2.80462
3 13 -734.062 61.8806 5.1868
3 13 -718.438 58.3876 3.93349
3 13 -702.812 43.4081 4.64386
3 13 -687.188 20.1571 2.30746
3 13 -671.562 18.3341 2.9443
3 13 -655.938 31.1793 16.5023
3 13 -640.312 15.1365 7.38754
3 13 -624.688 1.15158 0.705937
3 13 -609.062 5.37358 2.70041
3 13 -593.438 5.69362 3.55041
3 13 -577.812 4.62364 4.32175
3 13 -562.188 6.39643 6.33906
3 13 -546.562 3.85252 3.83302
3 13 -515.312 0.163441 0.16256
3 13 -499.688 1.01519 1.00874
3 13 -484.062 5.27356 5.24317
3 13 -468.438 21.0933 9.26528
3 13 -452.812 5.57879 5.53636
3 13 -437.188 1.07027 1.06544
3 13 -421.562 26.5821 6.29353
3 13 -405.938 16.4361 10.0568
3 14 -1234.06 140.2 70.224
3 14 -1218.44 174.733 31.0396
3 14 -1202.81 210.291 19.3543
3 14 -1187.19 239.05 9.62471
3 14 -1171.56 233.609 9.40206
3 14 -1155.94 144.532 19.8029
3 14 -1140.31 175.568 14.1748
3 14 -1124.69 199.164 15.4837
3 14 -1109.06 110.867 39.4699
3 14 -1093.44 44.1056 10.2234
3 14 -1077.81 116.32 23.5324
3 14 -1062.19 112.422 18.8073
3 14 -1046.56 137.306 12.4303
3 14 -1030.94 140.818 11.0722
3 14 -1015.31 131.452 10.4723
3 14 -999.688 157.189 9.77247
3 14 -984.062 127.241 8.56447
3 14 -968.438 98.0909 10.178
3 14 -952.812 97.0646 9.52049
3 14 -937.188 106.611 12.4661
3 14 -921.562 95.7465 7.72486
3 14 -905.938 60.2706 14.2883
3 14 -890.312 105.294 8.10794
3 14 -874.688 111.37 6.33983
3 14 -859.062 100.637 6.02309
3 14 -843.438 100.501 7.16975
3 14 -827.812 93.6348 3.7895
3 14 -812.188 85.4814 5.37561
3 14 -796.562 76.8 5.04682
3 14 -780.938 79.4662 2.84132
3 14 -765.312 75.2591 3.34699
3 14 -749.688 68.6863 2.2672
3 14 -734.062 70.4614 3.89112
3 14 -718.438 63.0791 3.38067
3 14 -702.812 58.0426 4.19362
3 14 -687.188 34.0914 3.31368
3 14 -671.562 26.7234 7.23519
3 14 -655.938 17.6444 4.95101
3 14 -640.312 4.91333 3.35645
3 14 -624.688 3.83077 1.49015
3 14 -609.062 8.87541 4.56285
3 14 -577.812 12.9333 6.64191
3 14 -562.188 1.49259 1.47871
3 14 -515.312 19.1785 12.9726
3 14 -484.062 17.9623 9.37629
3 14 -468.438 29.0485 21.2186
3 14 -452.812 0.526531 0.52113
3 14 -437.188 1.44151 1.42785
3 14 -421.562 48.7205 13.4254
3 15 -1249.69 47.88 42.8252
3 15 -1187.19 69.5474 26.2622
3 15 -1171.56 155.821 38.1486
3 15 -1155.94 43.5273 27.8814
3 15 -1140.31 60.9529 27.7504
3 15 -1124.69 260.691 74.396
3 15 -1109.06 108.5 63.2864
3 15 -1093.44 57.1571 18.1661
3 15 -1077.81 65.275 40.0815
3 15 -1062.19 52.7826 27.3126
3 15 -1046.56 90.2556 38.4738
3 15 -1030.94 76.9667 35.0609
3 15 -1015.31 31.0273 19.1544
3 15 -999.688 128.287 40.3315
3 15 -984.062 69.6588 36.8317
3 15 -968.438 209.211 51.2606
3 15 -952.812 100.433 48.8342
3 15 -937.188 176.478 40.4745
3 15 -921.562 152.822 37.2853
3 15 -905.938 77.5333 31.1345
3 15 -890.312 47.6462 30.4281
3 15 -874.688 107.482 26.496
3 15 -859.062 117.426 35.389
3 15 -843.438 85.3091 41.4578
3 15 -827.812 31.4444 23.4382
3 15 -812.188 4.61176 4.47407
3 15 -796.562 17.1 16.478
3 15 -780.938 43.56 29.0517
3 15 -765.312 76.5158 39.8618
3 15 -749.688 74.5319 18.2345
3 15 -734.062 25.6 10.5326
3 15 -718.438 54.3143 35.6423
3 15 -702.812 92.8444 33.7513
3 15 -687.188 67.5077 32.1439
3 15 -671.562 37.4774 16.9885
3 15 -655.938 68.3905 37.9451
3 15 -640.312 10.8182 10.3147
3 15 -624.688 77.1739 37.5801
3 15 -609.062 123.2 50.7225
3 15 -593.438 10.2545 9.77732
3 15 -577.812 154.037 60.6196
3 15 -562.188 86.6286 54.7686
3 15 -515.312 83.45 32.7666
3 15 -499.688 94.3895 36.7072
3 15 -484.062 119.608 36.7246
3 15 -468.438 57.6706 39.0593
3 15 -452.812 41.62 20.1114
3 15 -437.188 100.679 35.5107
3 15 -421.562 84.7784 25.3485
3 15 -405.938 17.3385 12.0764
4 0 -1615.62 322.539 5.66973
4 0 -1584.38 328.566 7.88246
4 0 -1553.12 323.499 0.572862
4 0 -1521.88 304.368 6.12328
4 0 -1490.62 288.444 4.58923
4 0 -1459.38 180.518 4.7921
4 0 -1428.12 216.796 5.49077
4 0 -1396.88 240.602 0.41242
4 0 -1365.62 221.399 1.41913
4 0 -1334.38 210.058 1.47271
4 0 -1303.12 200.55 1.02236
4 0 -1271.88 188.869 0.39314
4 0 -1240.62 176.445 0.464746
4 0 -1209.38 162.207 0.903022
4 0 -1178.12 150.71 0.609221
4 0 -1146.88 138.226 0.523437
4 0 -1115.62 126.357 0.493922
4 0 -1084.38 114.466 0.323303
4 0 -1053.12 105.498 0.608618
4 0 -1021.88 95.2965 0.281621
4 0 -990.625 85.3153 0.338883
4 0 -959.375 77.6174 0.241379
4 0 -928.125 67.1964 0.396286
4 0 -896.875 60.3362 0.392096
4 0 -865.625 55.0787 1.1711
4 0 -834.375 44.4218 1.12557
4 0 -803.125 31.8611 0.542772
4 0 -771.875 26.7884 1.11007
4 0 -740.625 22.0429 1.05306
4 0 -709.375 17.6931 0.764534
4 0 -678.125 12.1896 0.95482
4 0 -646.875 11.8294 0.6426
4 0 -615.625 16.027 1.83396
4 0 -584.375 14.7742 0.923851
4 0 -553.125 4.14737 0.311462
4 0 -521.875 1.23284 1.23053
4 0 -428.125 2.16429 1.58117
4 0 -396.875 1.025 0.992453
4 0 -365.625 74 69.7679
4 0 -334.375 1.975 1.84744
4 0 -240.625 7.4 5.23259
4 0 -146.875 22.4889 21.2027
4 0 -115.625 14.2353 13.8103
4 0 -53.125 0.389474 0.384315
4 0 -21.875 18.1614 12.6786
4 0 9.375 0.881301 0.323588
4 1 -1615.62 322.539 5.66973
4 1 -1584.38 328.566 7.88246
4 1 -1553.12 323.499 0.572862
4 1 -1521.88 304.368 6.12328
4 1 -1490.62 288.444 4.58923
4 1 -1459.38 180.518 4.7921
4 1 -1428.12 216.796 5.49077
4 1 -1396.88 240.602 0.41242
4 1 -1365.62 221.399 1.41913
4 1 -1334.38 210.058 1.47271
4 1 -1303.12 200.55 1.02236
4 1 -1271.88 188.869 0.39314
4 1 -1240.62 176.445 0.464746
4 1 -1209.38 162.207 0.903022
4 1 -1178.12 150.71 0.609221
4 1 -1146.88 138.226 0.523437
4 1 -1115.62 126.357 0.493922
4 1 -1084.38 114.466 0.323303
4 1 -1053.12 105.498 0.608618
4 1 -1021.88 95.2965 0.281621
4 1 -990.625 85.3153 0.338883
4 1 -959.375 77.6174 0.241379
4 1 -928.125 67.1964 0.396286
4 1 -896.875 60.3362 0.392096
4 1 -865.625 55.0787 1.1711
4 1 -834.375 44.4218 1.12557
4 1 -803.125 31.8611 0.542772
4 1 -771.875 26.7884 1.11007
4 1 -740.625 22.0429 1.05306
4 1 -709.375 17.6931 0.764534
4 1 -678.125 12.1896 0.95482
4 1 -646.875 11.8294 0.6426
4 1 -615.625 16.027 1.83396
4 1 -584.375 14.7742 0.923851
4 1 -553.125 4.14737 0.311462
4 1 -521.875 1.23284 1.23053
4 1 -428.125 2.16429 1.58117
4 1 -396.875 1.025 0.992453
4 1 -365.625 74 69.7679
4 1 -334.375 1.975 1.84744
4 1 -240.625 7.4 5.23259
4 1 -146.875 22.4889 21.2027
4 1 -115.625 14.2353 13.8103
4 1 -53.125 0.389474 0.384315
4 1 -21.875 18.1614 12.6786
4 1 9.375 0.881301 0.323588
4 2 -1615.62 305.596 5.67941
4 2 -1584.38 317.803 4.8886
4 2 -1553.12 303.016 0.539688
4 2 -1521.88 293.062 3.2587
4 2 -1490.62 280.821 2.4994
4 2 -1459.38 156.129 4.48858
4 2 -1428.12 202.088 5.24427
4 2 -1396.88 225.333 0.332452
4 2 -1365.62 207.692 1.06677
4 2 -1334.38 195.797 1.11312
4 2 -1303.12 184.458 0.987185
4 2 -1271.88 171.307 0.651568
4 2 -1240.62 159.635 0.63879
4 2 -1209.38 144.219 1.17403
4 2 -1178.12 137.554 0.593755
4 2 -1146.88 123.866 0.667671
4 2 -1115.62 113.686 0.688374
4 2 -1084.38 98.1885 0.735369
4 2 -1053.12 93.8904 0.654836
4 2 -1021.88 84.8661 0.35113
4 2 -990.625 73.9634 0.584355
4 2 -959.375 67.8488 0.388409
4 2 -928.125 57.2213 0.510973
4 2 -896.875 53.5002 0.693916
4 2 -865.625 43.6262 0.663898
4 2 -834.375 38.4859 1.21672
4 2 -803.125 21.0133 0.640253
4 2 -771.875 21.4317 1.20697
4 2 -740.625 22.2122 1.52186
4 2 -709.375 14.3308 0.971564
4 2 -678.125 13.1776 0.735395
4 2 -646.875 12.6852 0.938632
4 2 -615.625 13.7756 0.654926
4 2 -584.375 5.50359 0.825005
4 2 -553.125 6.06957 3.5445
4 2 -396.875 2.01429 1.94101
4 2 -365.625 131.633 108.898
4 2 -209.375 78.5 45.1705
4 2 -115.625 77.325 72.3309
4 2 -84.375 159.1 112.501
4 2 -53.125 3.98824 3.86916
4 2 -21.875 25.627 20.3793
4 2 9.375 6.62979 3.74774
4 4 -1709.38 187.1 132.3
4 4 -1678.12 5.33333 4.35465
4 4 -1615.62 477.362 5.80063
4 4 -1584.38 492.726 1.1268
4 4 -1553.12 469.688 0.744028
4 4 -1521.88 430.778 11.7203
4 4 -1490.62 425.836 6.26436
4 4 -1459.38 326.225 6.84864
4 4 -1428.12 366.304 6.2506
4 4 -1396.88 93.1055 3.09014
4 4 -1365.62 199.852 6.89208
4 4 -1334.38 260.876 5.72935
4 4 -1303.12 284.176 4.22696
4 4 -1271.88 301.553 1.03939
4 4 -1240.62 284.974 1.12252
4 4 -1209.38 273.544 0.808106
4 4 -1178.12 253.611 1.18526
4 4 -1146.88 238.216 1.08678
4 4 -1115.62 221.337 1.47062
4 4 -1084.38 197.909 1.36112
4 4 -1053.12 194.804 0.987089
4 4 -1021.88 183.099 0.869447
4 4 -990.625 169.841 0.938988
4 4 -959.375 158.415 0.632301
4 4 -928.125 145.534 0.728826
4 4 -896.875 135.776 0.856558
4 4 -865.625 126.388 0.828272
4 4 -834.375 109.071 0.930058
4 4 -803.125 99.057 0.481265
4 4 -771.875 90.4728 0.571815
4 4 -740.625 79.5883 0.679379
4 4 -709.375 68.1034 0.330268
4 4 -678.125 56.2979 0.250847
4 4 -646.875 45.7464 0.847142
4 4 -615.625 37.287 0.833104
4 4 -584.375 29.2279 1.71615
4 4 -553.125 16.2085 0.529136
4 4 -521.875 10.7333 0.701651
4 4 -490.625 12.078 0.690937
4 4 -459.375 8.27153 0.572481
4 4 -428.125 13.2795 1.63096
4 4 -396.875 5.225 0.955135
4 4 -365.625 0.941176 0.913075
4 4 -334.375 3.01818 1.93659
4 4 -271.875 2.92 2.61173
4 4 -209.375 1.75 1.18007
4 4 -178.125 86.46 80.3922
4 4 -146.875 1.96 1.85942
4 4 -115.625 1.42727 0.96246
4 4 -53.125 8.85517 7.09417
4 4 -21.875 2.84783 0.680093
4 4 9.375 5.83061 2.25375
4 5 -1709.38 7.36 4.13159
4 5 -1615.62 461.752 5.70371
4 5 -1584.38 478.237 1.02214
4 5 -1553.12 454.402 0.596174
4 5 -1521.88 425.215 8.99168
4 5 -1490.62 433.333 0.645172
4 5 -1459.38 335.062 5.83208
4 5 -1428.12 326.53 7.46643
4 5 -1396.88 357.587 0.489521
4 5 -1365.62 337.61 1.32457
4 5 -1334.38 319.748 1.62068
4 5 -1303.12 307.386 1.20945
4 5 -1271.88 291.662 0.76728
4 5 -1240.62 276.359 0.770589
4 5 -1209.38 263.649 0.654327
4 5 -1178.12 246.882 0.822751
4 5 -1146.88 231.528 0.652664
4 5 -1115.62 218.1 1.03217
4 5 -1084.38 191.184 1.28598
4 5 -1053.12 188.532 0.864229
4 5 -1021.88 175.769 0.889609
4 5 -990.625 162.834 0.993636
4 5 -959.375 153.782 0.645789
4 5 -928.125 138.952 0.540743
4 5 -896.875 128.852 0.595873
4 5 -865.625 117.687 0.554203
4 5 -834.375 104.766 0.705959
4 5 -803.125 92.5981 0.408812
4 5 -771.875 82.2855 0.695597
4 5 -740.625 72.9061 1.05043
4 5 -709.375 60.9549 0.498474
4 5 -678.125 48.7708 0.598563
4 5 -646.875 33.6778 0.865089
4 5 -615.625 26.6608 1.07838
4 5 -584.375 21.7017 1.36294
4 5 -553.125 17.234 0.690937
4 5 -521.875 14.9305 1.07031
4 5 -490.625 14.6975 0.705491
4 5 -459.375 14.2223 2.09211
4 5 -428.125 17.3036 1.06704
4 5 -396.875 11.6174 8.8677
4 5 -365.625 2.3 1.50601
4 5 -334.375 1.32727 1.26551
4 5 -271.875 4.1 3.5507
4 5 -209.375 0.894118 0.867422
4 5 -84.375 1.38182 1.31751
4 5 -53.125 2.35172 1.09473
4 5 -21.875 0.207895 0.206523
4 5 9.375 3.42025 1.90771
4 6 -1678.12 6.46667 3.73353
4 6 -1615.62 458.383 5.50039
4 6 -1584.38 470.405 0.977463
4 6 -1553.12 444.884 4.03913
4 6 -1521.88 414.21 10.2262
4 6 -1490.62 427.351 0.658885
4 6 -1459.38 313.129 5.9191
4 6 -1428.12 337.105 6.20376
4 6 -1396.88 90.6211 2.71462
4 6 -1365.62 200.92 6.25454
4 6 -1334.38 225.819 5.43773
4 6 -1303.12 262.8 3.93283
4 6 -1271.88 284.854 0.980907
4 6 -1240.62 270.912 0.88568
4 6 -1209.38 258.588 0.753075
4 6 -1178.12 240.796 1.09417
4 6 -1146.88 223.833 1.04839
4 6 -1115.62 210.568 1.48952
4 6 -1084.38 189.274 1.06718
4 6 -1053.12 184.584 0.844275
4 6 -1021.88 170.159 0.707066
4 6 -990.625 159.348 0.667943
4 6 -959.375 150.179 0.593284
4 6 -928.125 134.504 0.741266
4 6 -896.875 125.531 0.677322
4 6 -865.625 115.891 0.79804
4 6 -834.375 102.974 0.639319
4 6 -803.125 92.3 0.34294
4 6 -771.875 81.3578 0.601465
4 6 -740.625 71.1387 0.509437
4 6 -709.375 59.4377 0.402895
4 6 -678.125 48.0591 0.45125
4 6 -646.875 35.6127 0.558423
4 6 -615.625 27.6452 0.581161
4 6 -584.375 19.7154 0.693204
4 6 -553.125 15.7592 0.456711
4 6 -521.875 14.0055 0.49042
4 6 -490.625 10.2869 0.673963
4 6 -459.375 12.087 0.884666
4 6 -428.125 17.3204 1.92552
4 6 -396.875 1.25797 0.545068
4 6 -365.625 1.01333 0.978973
4 6 -334.375 1.6 1.51789
4 6 -209.375 0.695652 0.680361
4 6 -178.125 2.53333 1.63526
4 6 -115.625 1.325 0.897204
4 6 -84.375 3.03636 1.94415
4 6 -53.125 11.0138 8.61722
4 6 -21.875 1.284 0.436148
4 6 9.375 1.0486 0.383427
4 8 -1613.28 261.127 16.0381
4 8 -1558.59 227.813 30.8553
4 8 -1503.91 256.028 9.48905
4 8 -1449.22 196.889 9.18009
4 8 -1394.53 200.078 1.49439
4 8 -1339.84 155.943 4.5328
4 8 -1285.16 94.4659 5.65017
4 8 -1230.47 83.8022 5.63691
4 8 -1175.78 79.3608 4.10235
4 8 -1121.09 70.9105 3.35956
4 8 -1066.41 77.0543 2.37502
4 8 -1011.72 68.5682 1.67818
4 8 -957.031 63.2766 1.58464
4 8 -902.344 37.374 1.38261
4 8 -847.656 20.8745 2.30457
4 8 -792.969 3.1191 1.1059
4 8 -738.281 3.40013 0.794114
4 8 -683.594 6.2384 1.61137
4 8 -628.906 6.07855 1.44758
4 8 -574.219 16.1262 8.64738
4 8 -410.156 46.9739 17.6495
4 8 -355.469 74.5 52.6794
4 8 -246.094 180.4 0
4 8 -191.406 93.4 0
4 8 -136.719 83.7429 29.7948
4 8 -82.0312 31.2 25.4747
4 8 -27.3438 118.814 31.9669
4 8 27.3438 61.6 0
4 9 -1632.42 281.985 11.7357
4 9 -1601.95 244.333 27.6437
4 9 -1571.48 198.367 57.3229
4 9 -1541.02 259.567 21.4303
4 9 -1510.55 239.852 12.9789
4 9 -1480.08 189.548 10.9354
4 9 -1449.61 197.706 13.1295
4 9 -1419.14 181.587 10.6604
4 9 -1388.67 190.405 1.62337
4 9 -1358.2 161.564 5.74933
4 9 -1327.73 146.221 6.47223
4 9 -1297.27 114.403 8.75453
4 9 -1266.8 91.6836 6.25502
4 9 -1236.33 95.823 6.03201
4 9 -1205.86 74.6881 6.38203
4 9 -1175.39 82.8644 5.83623
4 9 -1144.92 66.4227 4.21433
4 9 -1114.45 66.3605 6.21036
4 9 -1083.98 75.3211 2.89128
4 9 -1053.52 65.6705 2.13602
4 9 -1023.05 63.0843 1.6666
4 9 -992.578 61.7392 2.30018
4 9 -962.109 57.2514 3.70295
4 9 -931.641 30.9392 1.78426
4 9 -901.172 30.1368 5.33095
4 9 -870.703 18.7425 2.70734
4 9 -840.234 12.4927 3.63769
4 9 -809.766 4.34124 2.30415
4 9 -779.297 2.62886 1.27784
4 9 -748.828 5.85495 1.94638
4 9 -718.359 8.39908 3.73603
4 9 -687.891 19.4944 6.67981
4 9 -657.422 11.4387 4.37587
4 9 -626.953 22.7829 6.75414
4 9 -596.484 4.28529 2.67296
4 9 -566.016 6.25 6.19395
4 9 -535.547 9.42414 4.87262
4 9 -505.078 11.8882 11.7121
4 9 -474.609 25.0857 17.4418
4 9 -444.141 33.7974 14.7284
4 9 -413.672 45.8125 38.3432
4 9 -169.922 12.2 8.62671
4 9 -139.453 24.4 19.9225
4 9 -48.0469 40.2 28.4257
4 9 -17.5781 17.619 10.1863
4 9 12.8906 263.667 80.3119
4 10 -1613.28 167.884 26.9916
4 10 -1558.59 230.933 21.2002
4 10 -1503.91 236.49 10.3239
4 10 -1449.22 135.308 9.58008
4 10 -1394.53 139.019 3.46799
4 10 -1339.84 120.2 6.40087
4 10 -1285.16 73.4047 6.06963
4 10 -1230.47 66.2891 5.71452
4 10 -1175.78 66.1089 4.14209
4 10 -1121.09 50.8543 2.82257
4 10 -1066.41 51.8141 2.10522
4 10 -1011.72 57.6696 1.5242
4 10 -957.031 40.4259 2.15754
4 10 -902.344 13.6522 2.3861
4 10 -847.656 7.13321 1.87157
4 10 -792.969 2.54031 1.03693
4 10 -738.281 5.42564 1.33508
4 10 -683.594 4.83922 1.34975
4 10 -628.906 3.74979 1.34097
4 10 -574.219 8.19104 6.73279
4 10 -519.531 13.0171 7.99934
4 10 -464.844 22.4444 10.6469
4 10 -410.156 32.5154 17.7992
4 10 -355.469 613.2 0
4 10 -246.094 160 113.137
4 10 -191.406 36.9 26.0922
4 10 -136.719 548.2 0
4 10 -82.0312 72.8 0
4 10 -27.3438 58.21 18.6224
4 10 27.3438 171.2 93.4531
4 12 -1616.41 248.979 44.6703
4 12 -1527.34 213.057 56.9496
4 12 -1497.66 310 40.6926
4 12 -1467.97 113.462 20.3464
4 12 -1438.28 220.964 28.1647
4 12 -1408.59 35.295 5.55714
4 12 -1378.91 135.958 20.4617
4 12 -1349.22 136.985 19.8036
4 12 -1319.53 202.794 15.221
4 12 -1289.84 157.941 19.2607
4 12 -1260.16 82.3537 12.8396
4 12 -1230.47 89.6063 13.9696
4 12 -1200.78 87.5547 14.3323
4 12 -1171.09 121.629 12.077
4 12 -1141.41 96.5305 8.59834
4 12 -1111.72 85.7611 8.64653
4 12 -1082.03 112.86 8.25675
4 12 -1052.34 103.955 8.1716
4 12 -1022.66 95.8738 6.66456
4 12 -992.969 71.3521 5.78242
4 12 -963.281 113.846 3.19864
4 12 -933.594 100.699 3.57917
4 12 -903.906 112.277 1.94924
4 12 -874.219 99.3862 2.26602
4 12 -844.531 102.615 1.53905
4 12 -814.844 88.4348 0.825774
4 12 -785.156 72.9259 1.28721
4 12 -755.469 69.626 0.893624
4 12 -725.781 62.9198 1.17051
4 12 -696.094 39.3397 2.55711
4 12 -666.406 21.6176 2.10602
4 12 -636.719 21.5328 2.17078
4 12 -607.031 33.3643 3.5064
4 12 -577.344 22.9139 2.39049
4 12 -547.656 0.706227 0.469161
4 12 -517.969 1.29529 0.992899
4 12 -488.281 3.11304 2.59036
4 12 -428.906 3.01929 2.07554
4 12 -399.219 93.15 87.1338
4 12 -161.719 87.8 0
4 12 -13.2812 15.8286 10.7049
4 12 16.4062 93.8 76.5874
4 13 -1647.66 300.779 42.3709
4 13 -1589.84 346.557 37.8363
4 13 -1532.03 298.19 38.8531
4 13 -1474.22 233.708 17.5122
4 13 -1416.41 276.251 3.86075
4 13 -1358.59 203.983 10.8118
4 13 -1300.78 187.178 8.26511
4 13 -1242.97 92.221 8.05976
4 13 -1185.16 105.557 7.67573
4 13 -1127.34 109.609 4.87624
4 13 -1069.53 123.435 3.96971
4 13 -1011.72 104.794 3.41922
4 13 -953.906 117.028 1.73491
4 13 -896.094 109.518 1.03917
4 13 -838.281 92.5591 0.783847
4 13 -780.469 72.4054 0.722312
4 13 -722.656 62.7589 2.54015
4 13 -664.844 20.7956 3.31959
4 13 -607.031 7.30549 2.10713
4 13 -549.219 4.86824 1.74889
4 13 -491.406 5.58821 2.31747
4 13 -433.594 1.25848 0.738666
4 13 -375.781 47.1 42.9962
4 13 -202.344 65.2 0
4 13 -86.7188 600.4 0
4 13 -28.9062 23.975 18.6756
4 13 28.9062 100.55 59.4419
4 14 -1616.41 248.979 44.6703
4 14 -1527.34 213.057 56.9496
4 14 -1497.66 310 40.6926
4 14 -1467.97 113.462 20.3464
4 14 -1438.28 220.964 28.1647
4 14 -1408.59 35.295 5.55714
4 14 -1378.91 135.958 20.4617
4 14 -1349.22 136.985 19.8036
4 14 -1319.53 202.794 15.221
4 14 -1289.84 157.941 19.2607
4 14 -1260.16 82.3537 12.8396
4 14 -1230.47 89.6063 13.9696
4 14 -1200.78 87.5547 14.3323
4 14 -1171.09 121.629 12.077
4 14 -1141.41 96.5305 8.59834
4 14 -1111.72 85.7611 8.64653
4 14 -1082.03 112.86 8.25675
4 14 -1052.34 103.955 8.1716
4 14 -1022.66 95.8738 6.66456
4 14 -992.969 71.3521 5.78242
4 14 -963.281 113.846 3.19864
4 14 -933.594 100.699 3.57917
4 14 -903.906 112.277 1.94924
4 14 -874.219 99.3862 2.26602
4 14 -844.531 102.615 1.53905
4 14 -814.844 88.4348 0.825774
4 14 -785.156 72.9259 1.28721
4 14 -755.469 69.626 0.893624
4 14 -725.781 62.9198 1.17051
4 14 -696.094 39.3397 2.55711
4 14 -666.406 21.6176 2.10602
4 14 -636.719 21.5328 2.17078
4 14 -607.031 33.3643 3.5064
4 14 -577.344 22.9139 2.39049
4 14 -547.656 0.706227 0.469161
4 14 -517.969 1.29529 0.992899
4 14 -488.281 3.11304 2.59036
4 14 -428.906 3.01929 2.07554
4 14 -399.219 93.15 87.1338
4 14 -161.719 87.8 0
4 14 -13.2812 15.8286 10.7049
4 14 16.4062 93.8 76.5874
5 0 -1705.47 41 7.75686
5 0 -1647.66 134.835 8.50572
5 0 -1589.84 128.194 8.22092
5 0 -1532.03 99.4487 8.07897
5 0 -1474.22 112.681 4.60284
5 0 -1416.41 129.473 0.665436
5 0 -1358.59 111.873 2.16054
5 0 -1300.78 95.4809 1.4647
5 0 -1242.97 83.7633 0.925473
5 0 -1185.16 87.1491 2.20266
5 0 -1127.34 63.811 0.535927
5 0 -1069.53 53.8545 1.14127
5 0 -1011.72 25.1941 1.39468
5 0 -953.906 7.40852 0.746752
5 0 -896.094 3.63715 0.353267
5 0 -838.281 1.60137 0.15847
5 0 -780.469 0.512283 0.080018
5 0 -722.656 1.16625 0.138848
5 0 -664.844 6.40571 1.39525
5 0 -607.031 2.4164 1.44224
5 0 -549.219 5.6069 5.50938
5 0 -433.594 87.2268 7.38628
5 0 -375.781 159.662 5.37765
5 0 -260.156 23.5 16.617
5 0 -86.7188 4.6 4.11437
5 0 -28.9062 145.016 2.77876
5 0 28.9062 7.59999 3.39243
5 1 -1647.66 131.336 7.04138
5 1 -1589.84 112.837 8.90987
5 1 -1532.03 77.4701 7.62474
5 1 -1474.22 102.355 5.37383
5 1 -1416.41 136.338 0.521978
5 1 -1358.59 112.614 2.28438
5 1 -1300.78 105.788 1.47505
5 1 -1242.97 94.5954 0.486927
5 1 -1185.16 75.1453 1.79934
5 1 -1127.34 68.4584 0.400135
5 1 -1069.53 53.9298 0.565412
5 1 -1011.72 37.523 1.2128
5 1 -953.906 7.46965 1.06421
5 1 -896.094 2.12591 0.290225
5 1 -838.281 1.04113 0.125988
5 1 -780.469 0.809884 0.121593
5 1 -722.656 1.3773 0.141563
5 1 -664.844 6.46747 0.264091
5 1 -607.031 1.05195 1.0224
5 1 -433.594 87.9454 7.37923
5 1 -375.781 125.014 5.03046
5 1 -260.156 44.8 31.6784
5 1 -28.9062 113.631 2.75432
5 2 -1705.47 15.2 0
5 2 -1647.66 119.305 2.36807
5 2 -1589.84 113.956 2.70263
5 2 -1532.03 95.4188 2.94103
5 2 -1474.22 90.2172 1.13624
5 2 -1416.41 51.0955 1.29957
5 2 -1358.59 63.835 0.978539
5 2 -1300.78 57.6252 1.5437
5 2 -1242.97 54.1205 5.79027
5 2 -1185.16 97.2903 6.78634
5 2 -1127.34 0.997638 0.417421
5 2 -1069.53 0.419872 0.0928446
5 2 -1011.72 0.165463 0.0419803
5 2 -953.906 0.34836 0.0599328
5 2 -896.094 2.79744 0.934037
5 2 -838.281 1.53206 0.18055
5 2 -491.406 2.375 2.22161
5 2 -433.594 87.1686 7.86726
5 2 -375.781 120.127 5.18228
5 2 -260.156 12.3 8.6974
5 2 -86.7188 27.6 22.5353
5 2 -28.9062 117.145 2.76077
5 2 28.9062 76.8 54.3058
5 3 -1705.47 42.8 0
5 3 -1647.66 84.6468 8.50365
5 3 -1589.84 81.8329 6.82662
5 3 -1532.03 62.8993 6.59576
5 3 -1474.22 99.6695 4.52491
5 3 -1416.41 114.793 0.722502
5 3 -1358.59 92.484 2.16149
5 3 -1300.78 81.8401 1.54895
5 3 -1242.97 78.3947 0.969971
5 3 -1185.16 65.6759 1.93925
5 3 -1127.34 51.148 1.1354
5 3 -1069.53 27.8385 1.8468
5 3 -1011.72 6.81 0.912957
5 3 -953.906 2.26132 0.227353
5 3 -896.094 0.932376 0.110703
5 3 -838.281 0.642035 0.0820187
5 3 -780.469 0.665906 0.0924248
5 3 -722.656 6.20893 0.255815
5 3 -664.844 0.891076 0.176341
5 3 -491.406 3.5 3.27395
5 3 -433.594 63.7877 6.43326
5 3 -375.781 113.716 4.62626
5 3 -260.156 21.8 0
5 3 -28.9062 98.6206 2.53343
5 3 28.9062 1.36364 1.30018
5 4 -1705.47 31.6 0
5 4 -1647.66 251.131 9.50249
5 4 -1589.84 257.677 8.48544
5 4 -1532.03 236.582 9.62178
5 4 -1474.22 244.813 4.53632
5 4 -1416.41 197.793 2.53059
5 4 -1358.59 211.824 1.90297
5 4 -1300.78 189.894 1.83027
5 4 -1242.97 163.222 1.49887
5 4 -1185.16 121.432 1.51362
5 4 -1127.34 140.381 0.535936
5 4 -1069.53 123.25 0.505193
5 4 -1011.72 106.589 0.462878
5 4 -953.906 91.9925 0.392589
5 4 -896.094 78.5619 0.354661
5 4 -838.281 65.3475 0.274621
5 4 -780.469 55.2141 0.35517
5 4 -722.656 32.3947 0.927501
5 4 -664.844 5.75599 0.386746
5 4 -607.031 1.52573 0.147941
5 4 -549.219 1.12702 0.16143
5 4 -491.406 1.96322 0.67259
5 4 -433.594 69.2168 5.18691
5 4 -375.781 74.3662 2.84771
5 4 -260.156 15.4 0
5 4 -202.344 566.2 0
5 4 -144.531 30.8 0
5 4 -28.9062 35.3634 1.2066
5 5 -1705.47 31.4 0
5 5 -1647.66 274.067 10.66
5 5 -1589.84 280.761 9.07495
5 5 -1532.03 225.347 11.6747
5 5 -1474.22 245.164 5.12757
5 5 -1416.41 125.75 4.73829
5 5 -1358.59 202.365 3.76451
5 5 -1300.78 188.919 2.1593
5 5 -1242.97 169.102 1.52503
5 5 -1185.16 126.89 1.77761
5 5 -1127.34 144.212 0.657585
5 5 -1069.53 125.894 0.720143
5 5 -1011.72 108.52 0.553341
5 5 -953.906 93.8842 0.465941
5 5 -896.094 81.3124 0.594225
5 5 -838.281 66.5138 0.343447
5 5 -780.469 55.1559 0.421635
5 5 -722.656 34.9113 1.10267
5 5 -664.844 5.49835 0.420463
5 5 -607.031 1.3583 0.141257
5 5 -549.219 0.934605 0.16967
5 5 -491.406 3.30488 0.927376
5 5 -433.594 86.434 6.20614
5 5 -375.781 76.5881 3.08192
5 5 -260.156 35.7 11.5258
5 5 -144.531 102.3 72.337
5 5 -28.9062 35.5493 1.19282
5 6 -1647.66 236.043 3.43421
5 6 -1589.84 219.778 4.87744
5 6 -1532.03 195.555 5.99815
5 6 -1474.22 184.05 2.98334
5 6 -1416.41 40.9755 2.27225
5 6 -1358.59 95.8655 3.61701
5 6 -1300.78 109.146 3.2837
5 6 -1242.97 121.379 1.24408
5 6 -1185.16 122.584 2.31933
5 6 -1127.34 88.7863 0.821105
5 6 -1069.53 77.0163 0.700471
5 6 -1011.72 67.3477 0.329987
5 6 -953.906 55.3433 0.4853
5 6 -896.094 45.6914 2.17052
5 6 -838.281 6.15451 0.805118
5 6 -780.469 1.82074 0.202819
5 6 -722.656 0.443478 0.0710001
5 6 -664.844 0.380488 0.0617181
5 6 -607.031 2.25 0.447136
5 6 -549.219 0.32129 0.0882398
5 6 -433.594 88.1281 6.44113
5 6 -375.781 87.7109 3.39738
5 6 -144.531 7.8 7.12039
5 6 -86.7188 3.3 2.0883
5 6 -28.9062 42.1558 1.53619
5 7 -1705.47 27.8667 15.2678
5 7 -1647.66 265.797 5.44882
5 7 -1589.84 266.835 4.81255
5 7 -1532.03 250.1 5.05868
5 7 -1474.22 241.956 2.58062
5 7 -1416.41 49.2637 2.63457
5 7 -1358.59 131.828 4.32573
5 7 -1300.78 119.613 3.6918
5 7 -1242.97 152.51 1.28611
5 7 -1185.16 127.196 2.08411
5 7 -1127.34 123.455 1.24925
5 7 -1069.53 112.462 1.00422
5 7 -1011.72 97.1205 0.346492
5 7 -953.906 82.6662 0.343359
5 7 -896.094 72.2425 0.935757
5 7 -838.281 58.7907 0.300322
5 7 -780.469 48.3035 0.597136
5 7 -722.656 11.037 0.886508
5 7 -664.844 1.26932 0.143154
5 7 -607.031 0.935231 0.117401
5 7 -549.219 0.16 0.0611795
5 7 -491.406 0.9 0.439836
5 7 -433.594 65.8447 4.60607
5 7 -375.781 95.4873 3.29671
5 7 -260.156 44 19.7864
5 7 -86.7188 3.9 3.3775
5 7 -28.9062 27.7568 1.18623
