# ORDER X Y DX DY
  -2.50000       1.34673      0.000000E+00  3.702904E-02
  -7.50000       1.38310      0.000000E+00  4.103855E-02
  -12.5000       1.44798      0.000000E+00  3.934732E-02
  -17.5000       1.50762      0.000000E+00  3.536808E-02
  -22.5000       1.45515      0.000000E+00  3.553187E-02
  -27.5000       1.53527      0.000000E+00  3.261442E-02
  -35.0000       1.49862      0.000000E+00  2.619755E-02
  -45.0000       1.56095      0.000000E+00  2.819871E-02
  -55.0000       1.51247      0.000000E+00  2.754399E-02
  -65.0000       1.55730      0.000000E+00  2.811768E-02
  -75.0000       1.55604      0.000000E+00  2.799221E-02
  -85.0000       1.62680      0.000000E+00  3.000000E-02
  -95.5000       1.67533      0.000000E+00  2.000000E-02
  -106.000       1.72587      0.000000E+00  2.000000E-02
  -116.000       1.71881      0.000000E+00  2.446419E-02
  -126.000       1.71925      0.000000E+00  2.737261E-02
  -136.000       1.75200      0.000000E+00  2.000000E-02
  -146.000       1.76407      0.000000E+00  2.000000E-02
  -156.000       1.75101      0.000000E+00  4.000000E-02